-10.000000	0.000000
-9.900000	-1.945726
-9.800000	-1.854463
-9.700000	-1.763871
-9.600000	-1.673974
-9.500000	-1.584801
-9.400000	-1.496380
-9.300000	-1.408744
-9.200000	-1.321926
-9.100000	-1.235964
-9.000000	-1.150896
-8.900000	-1.066767
-8.800000	-0.983622
-8.700000	-0.901514
-8.600000	-0.820500
-8.500000	-0.740644
-8.400000	-0.662017
-8.300000	-0.584701
-8.200000	-0.508791
-8.100000	-0.434399
-8.000000	-0.361661
-7.900000	-0.290746
-7.800000	-0.243616
-7.700000	-0.203394
-7.600000	-0.163327
-7.500000	-0.123415
-7.400000	-0.083658
-7.300000	-0.044058
-7.200000	-0.004614
-7.100000	0.034673
-7.000000	0.073802
-6.900000	0.112773
-6.800000	0.151585
-6.700000	0.190237
-6.600000	0.228730
-6.500000	0.267061
-6.400000	0.305231
-6.300000	0.343240
-6.200000	0.381086
-6.100000	0.418769
-6.000000	0.456288
-5.900000	0.493643
-5.800000	0.530835
-5.700000	0.567861
-5.600000	0.604722
-5.500000	0.641418
-5.400000	0.677949
-5.300000	0.714314
-5.200000	0.750513
-5.100000	0.786546
-5.000000	0.822413
-4.900000	0.858114
-4.800000	0.893650
-4.700000	0.929020
-4.600000	0.964225
-4.500000	0.999265
-4.400000	1.034141
-4.300000	1.068852
-4.200000	1.103399
-4.100000	1.137783
-4.000000	1.172004
-3.900000	1.206063
-3.800000	1.239961
-3.700000	1.273698
-3.600000	1.307275
-3.500000	1.340693
-3.400000	1.373952
-3.300000	1.407054
-3.200000	1.440000
-3.100000	1.472789
-3.000000	1.505424
-2.900000	1.537905
-2.800000	1.570234
-2.700000	1.602411
-2.600000	1.634437
-2.500000	1.666314
-2.400000	1.698042
-2.300000	1.729623
-2.200000	1.761058
-2.100000	1.792348
-2.000000	1.823495
-1.900000	1.854498
-1.800000	1.885361
-1.700000	1.916083
-1.600000	1.946666
-1.500000	1.977112
-1.400000	2.007421
-1.300000	2.037595
-1.200000	2.067635
-1.100000	2.097542
-1.000000	2.127318
-0.900000	2.156963
-0.800000	2.186480
-0.700000	2.215868
-0.600000	2.245130
-0.500000	2.274267
-0.400000	2.303280
-0.300000	2.332170
-0.200000	2.360939
-0.100000	2.389587
-0.000000	2.418116
0.100000	2.446528
0.200000	2.474823
0.300000	2.503002
0.400000	2.531067
0.500000	2.559019
0.600000	2.586860
0.700000	2.614589
0.800000	2.642210
0.900000	2.669722
1.000000	2.697127
1.100000	2.724426
1.200000	2.751620
1.300000	2.778711
1.400000	2.805699
1.500000	2.832586
1.600000	2.859372
1.700000	2.886059
1.800000	2.912648
1.900000	2.939140
2.000000	2.965536
2.100000	2.991837
2.200000	3.018044
2.300000	3.044158
2.400000	3.070180
2.500000	3.096111
2.600000	3.121953
2.700000	3.147705
2.800000	3.173370
2.900000	3.198947
3.000000	3.224439
3.100000	3.249845
3.200000	3.275167
3.300000	3.300406
3.400000	3.325562
3.500000	3.350637
3.600000	3.375631
3.700000	3.400545
3.800000	3.425381
3.900000	3.450138
4.000000	3.474818
4.100000	3.499421
4.200000	0.000000
4.300000	0.000000
4.400000	0.000000
4.500000	0.000000
4.600000	0.000000
4.700000	0.000000
4.800000	0.000000
4.900000	0.000000
5.000000	0.000000
