-10.000000	-6.613407
-9.900000	-6.509373
-9.800000	-6.405600
-9.700000	-6.302095
-9.600000	-6.198862
-9.500000	-6.095909
-9.400000	-5.993241
-9.300000	-5.890864
-9.200000	-5.788785
-9.100000	-5.687012
-9.000000	-5.585550
-8.900000	-5.484406
-8.800000	-5.383589
-8.700000	-5.283106
-8.600000	-5.182963
-8.500000	-5.083171
-8.400000	-4.983735
-8.300000	-4.884666
-8.200000	-4.785971
-8.100000	-4.687660
-8.000000	-4.589741
-7.900000	-4.492224
-7.800000	-4.395120
-7.700000	-4.298437
-7.600000	-4.202186
-7.500000	-4.106377
-7.400000	-4.011022
-7.300000	-3.916132
-7.200000	-3.821718
-7.100000	-3.727791
-7.000000	-3.634364
-6.900000	-3.541450
-6.800000	-3.449060
-6.700000	-3.357209
-6.600000	-3.265909
-6.500000	-3.175174
-6.400000	-3.085018
-6.300000	-2.995456
-6.200000	-2.906502
-6.100000	-2.818172
-6.000000	-2.730479
-5.900000	-2.643441
-5.800000	-2.557073
-5.700000	-2.471391
-5.600000	-2.386411
-5.500000	-2.302149
-5.400000	-2.218623
-5.300000	-2.135850
-5.200000	-2.053845
-5.100000	-1.972626
-5.000000	-1.892210
-4.900000	-1.812614
-4.800000	-1.733853
-4.700000	-1.655945
-4.600000	-1.578905
-4.500000	-1.502749
-4.400000	-1.427490
-4.300000	-1.353145
-4.200000	-1.279726
-4.100000	-1.207245
-4.000000	-1.135713
-3.900000	-1.065142
-3.800000	-0.995540
-3.700000	-0.926913
-3.600000	-0.859269
-3.500000	-0.792611
-3.400000	-0.726942
-3.300000	-0.662261
-3.200000	-0.598569
-3.100000	-0.535860
-3.000000	-0.474131
-2.900000	-0.413374
-2.800000	-0.353579
-2.700000	-0.294737
-2.600000	-0.236834
-2.500000	-0.179856
-2.400000	-0.123788
-2.300000	-0.068612
-2.200000	-0.014312
-2.100000	0.039133
-2.000000	0.091742
-1.900000	0.143535
-1.800000	0.194533
-1.700000	0.244758
-1.600000	0.294230
-1.500000	0.342971
-1.400000	0.391003
-1.300000	0.438346
-1.200000	0.485021
-1.100000	0.531048
-1.000000	0.576449
-0.900000	0.621241
-0.800000	0.665445
-0.700000	0.709079
-0.600000	0.752161
-0.500000	0.794708
-0.400000	0.836738
-0.300000	0.878267
-0.200000	0.919310
-0.100000	0.959883
-0.000000	1.000000
0.100000	1.039676
0.200000	1.078924
0.300000	1.117757
0.400000	1.156188
0.500000	1.194229
0.600000	1.231891
0.700000	1.269187
0.800000	1.306125
0.900000	1.342718
1.000000	1.378974
1.100000	1.414904
1.200000	1.450516
1.300000	1.485819
1.400000	1.520822
1.500000	1.555533
1.600000	1.589960
1.700000	1.624110
1.800000	1.657991
1.900000	1.691609
2.000000	1.724971
2.100000	1.758084
2.200000	1.790954
2.300000	1.823587
2.400000	1.855989
2.500000	1.888165
2.600000	1.920121
2.700000	1.951862
2.800000	1.983392
2.900000	2.014717
3.000000	2.045842
3.100000	2.076770
3.200000	2.107506
3.300000	2.138055
3.400000	2.168420
3.500000	2.198605
3.600000	0.000000
3.700000	0.000000
3.800000	0.000000
3.900000	0.000000
4.000000	0.000000
4.100000	0.000000
4.200000	0.000000
4.300000	0.000000
4.400000	0.000000
4.500000	0.000000
4.600000	0.000000
4.700000	0.000000
4.800000	0.000000
4.900000	0.000000
5.000000	0.000000
