-15.707963
-15.217089
-14.726216
-14.235342
-13.744468
-13.253594
-12.762720
-12.271846
-11.780972
-11.290099
-10.799225
-10.308351
-9.817477
-9.326603
-8.835729
-8.344855
-7.853982
-7.363108
-6.872234
-6.381360
-5.890486
-5.399612
-4.908739
-4.417865
-3.926991
-3.436117
-2.945243
-2.454369
-1.963495
-1.472622
-0.981748
-0.490874
0.000000
0.490874
0.981748
1.472622
1.963495
2.454369
2.945243
3.436117
3.926991
4.417865
4.908739
5.399612
5.890486
6.381360
6.872234
7.363108
7.853982
8.344855
8.835729
9.326603
9.817477
10.308351
10.799225
11.290099
11.780972
12.271846
12.762720
13.253594
13.744468
14.235342
14.726216
15.217089
