6.000025
5.822936
5.333547
4.647393
3.926251
3.340577
3.028851
3.064624
3.439460
4.064888
4.792982
5.451743
5.885862
5.992803
5.747275
5.207329
4.500375
3.793139
3.252866
3.007249
3.114223
3.548563
4.207711
4.935742
5.560780
5.935445
5.971207
5.659608
5.074301
4.353342
3.666836
3.177173
3.000025
3.177173
3.666836
4.353342
5.074301
5.659608
5.971207
5.935445
5.560780
4.935742
4.207711
3.548563
3.114223
3.007249
3.252866
3.793139
4.500375
5.207329
5.747275
5.992803
5.885862
5.451743
4.792982
4.064888
3.439460
3.064624
3.028851
3.340577
3.926251
4.647393
5.333547
5.822936
6.000031
5.822950
5.333595
4.647485
3.926320
3.340600
3.028858
3.064632
3.439490
4.064967
4.793069
5.451782
5.885873
5.992810
5.747293
5.207387
4.500469
3.793197
3.252884
3.007256
3.114234
3.548602
4.207798
4.935821
5.560810
5.935453
5.971214
5.659631
5.074370
4.353434
3.666884
3.177186
3.000031
3.177186
3.666884
4.353434
5.074370
5.659631
5.971214
5.935453
5.560810
4.935821
4.207798
3.548602
3.114234
3.007256
3.252884
3.793197
4.500469
5.207387
5.747293
5.992810
5.885873
5.451782
4.793069
4.064967
3.439490
3.064632
3.028858
3.340600
3.926320
4.647485
5.333595
5.822950
5.822936
5.645882
5.156653
4.470705
3.749455
3.163567
2.851767
2.887546
3.262482
3.888138
4.616270
5.274805
5.708794
5.815716
5.570240
5.030484
4.323695
3.616294
3.075831
2.830161
2.937155
3.371625
4.030999
4.758992
5.383802
5.758367
5.794123
5.482598
4.897506
4.176654
3.489943
3.000118
2.822936
3.000118
3.489943
4.176654
4.897506
5.482598
5.794123
5.758367
5.383802
4.758992
4.030999
3.371625
2.937155
2.830161
3.075831
3.616294
4.323695
5.030484
5.570240
5.815716
5.708794
5.274805
4.616270
3.888138
3.262482
2.887546
2.851767
3.163567
3.749455
4.470705
5.156653
5.645882
5.822987
5.645993
5.157042
4.471450
3.750015
3.163755
2.851826
2.887616
3.262726
3.888777
4.616973
5.275116
5.708880
5.815769
5.570384
5.030957
4.324455
3.616767
3.075975
2.830214
2.937242
3.371936
4.031702
4.759631
5.384046
5.758437
5.794182
5.482786
4.898065
4.177399
3.490332
3.000229
2.822987
3.000229
3.490332
4.177399
4.898065
5.482786
5.794182
5.758437
5.384046
4.759631
4.031702
3.371936
2.937242
2.830214
3.075975
3.616767
4.324455
5.030957
5.570384
5.815769
5.708880
5.275116
4.616973
3.888777
3.262726
2.887616
2.851826
3.163755
3.750015
4.471450
5.157042
5.645993
5.333547
5.156653
4.668174
3.983184
3.261434
2.674546
2.362399
2.398207
2.773611
3.400330
4.128635
4.786115
5.219500
5.326332
5.081101
4.542232
3.836214
3.128042
2.586692
2.340777
2.447862
2.882935
3.543364
4.271184
4.894931
5.269028
5.304755
4.993577
4.409484
3.689133
3.001463
2.510890
2.333547
2.510890
3.001463
3.689133
4.409484
4.993577
5.304755
5.269028
4.894931
4.271184
3.543364
2.882935
2.447862
2.340777
2.586692
3.128042
3.836214
4.542232
5.081101
5.326332
5.219500
4.786115
4.128635
3.400330
2.773611
2.398207
2.362399
2.674546
3.261434
3.983184
4.668174
5.156653
5.333651
5.156880
4.668968
3.984706
3.262577
2.674929
2.362520
2.398350
2.774108
3.401635
4.130071
4.786751
5.219677
5.326440
5.081395
4.543200
3.837766
3.129010
2.586986
2.340886
2.448038
2.883571
3.544800
4.272489
4.895429
5.269171
5.304876
4.993961
4.410627
3.690655
3.002258
2.511116
2.333651
2.511116
3.002258
3.690655
4.410627
4.993961
5.304876
5.269171
4.895429
4.272489
3.544800
2.883571
2.448038
2.340886
2.586986
3.129010
3.837766
4.543200
5.081395
5.326440
5.219677
4.786751
4.130071
3.401635
2.774108
2.398350
2.362520
2.674929
3.262577
3.984706
4.668968
5.156880
4.647393
4.470705
3.983184
3.299421
2.577031
1.988863
1.676273
1.712118
2.088120
2.716200
3.444727
4.100857
4.533469
4.640184
4.395267
3.857534
3.152501
2.443344
1.900858
1.654630
1.761830
2.197677
2.859456
3.587054
4.209440
4.582939
4.618629
4.307894
3.725082
3.005370
2.316473
1.824941
1.647393
1.824941
2.316473
3.005370
3.725082
4.307894
4.618629
4.582939
4.209440
3.587054
2.859456
2.197677
1.761830
1.654630
1.900858
2.443344
3.152501
3.857534
4.395267
4.640184
4.533469
4.100857
3.444727
2.716200
2.088120
1.712118
1.676273
1.988863
2.577031
3.299421
3.983184
4.470705
4.647385
4.470686
3.983117
3.299292
2.576934
1.988830
1.676263
1.712106
2.088078
2.716089
3.444605
4.100803
4.533454
4.640175
4.395242
3.857452
3.152370
2.443262
1.900833
1.654621
1.761815
2.197623
2.859334
3.586943
4.209398
4.582927
4.618619
4.307862
3.724984
3.005240
2.316406
1.824922
1.647385
1.824922
2.316406
3.005240
3.724984
4.307862
4.618619
4.582927
4.209398
3.586943
2.859334
2.197623
1.761815
1.654621
1.900833
2.443262
3.152370
3.857452
4.395242
4.640175
4.533454
4.100803
3.444605
2.716089
2.088078
1.712106
1.676263
1.988830
2.576934
3.299292
3.983117
4.470686
3.926251
3.749455
3.261434
2.577031
1.854975
1.267475
0.955116
0.990942
1.366631
1.994001
2.722413
3.379247
3.812262
3.919038
3.673957
3.135632
2.430085
1.721442
1.179549
0.933484
1.040624
1.476067
2.137142
2.864856
3.487952
3.861763
3.897472
3.586506
3.003025
2.282980
1.594723
1.103692
0.926251
1.103692
1.594723
2.282980
3.003025
3.586506
3.897472
3.861763
3.487952
2.864856
2.137142
1.476067
1.040624
0.933484
1.179549
1.721442
2.430085
3.135632
3.673957
3.919038
3.812262
3.379247
2.722413
1.994001
1.366631
0.990942
0.955116
1.267475
1.854975
2.577031
3.261434
3.749455
3.926147
3.749230
3.260642
2.575515
1.853837
1.267092
0.954996
0.990800
1.366136
1.992702
2.720982
3.378614
3.812086
3.918931
3.673665
3.134668
2.428539
1.720478
1.179256
0.933376
1.040447
1.475434
2.135711
2.863556
3.487456
3.861621
3.897352
3.586124
3.001887
2.281463
1.593932
1.103466
0.926147
1.103466
1.593932
2.281463
3.001887
3.586124
3.897352
3.861621
3.487456
2.863556
2.135711
1.475434
1.040447
0.933376
1.179256
1.720478
2.428539
3.134668
3.673665
3.918931
3.812086
3.378614
2.720982
1.992702
1.366136
0.990800
0.954996
1.267092
1.853837
2.575515
3.260642
3.749230
3.340577
3.163567
2.674546
1.988863
1.267475
0.681309
0.369413
0.405200
0.780266
1.406217
2.134396
2.792639
3.226461
3.333357
3.087950
2.548439
1.841864
1.134249
0.593541
0.347803
0.454822
0.889459
1.549125
2.277071
2.901586
3.276021
3.311769
3.000341
2.415525
1.694812
1.007835
0.517803
0.340577
0.517803
1.007835
1.694812
2.415525
3.000341
3.311769
3.276021
2.901586
2.277071
1.549125
0.889459
0.454822
0.347803
0.593541
1.134249
1.841864
2.548439
3.087950
3.333357
3.226461
2.792639
2.134396
1.406217
0.780266
0.405200
0.369413
0.681309
1.267475
1.988863
2.674546
3.163567
3.340532
3.163471
2.674207
1.988213
1.266987
0.681146
0.369362
0.405140
0.780054
1.405660
2.133783
2.792368
3.226385
3.333311
3.087824
2.548026
1.841202
1.133836
0.593416
0.347757
0.454747
0.889188
1.548512
2.276514
2.901374
3.275961
3.311718
3.000177
2.415037
1.694162
1.007496
0.517707
0.340532
0.517707
1.007496
1.694162
2.415037
3.000177
3.311718
3.275961
2.901374
2.276514
1.548512
0.889188
0.454747
0.347757
0.593416
1.133836
1.841202
2.548026
3.087824
3.333311
3.226385
2.792368
2.133783
1.405660
0.780054
0.405140
0.369362
0.681146
1.266987
1.988213
2.674207
3.163471
3.028851
2.851767
2.362399
1.676273
0.955116
0.369413
0.057678
0.093451
0.468301
1.093759
1.821859
2.480589
2.914691
3.021629
2.776108
2.236187
1.529256
0.821997
0.281700
0.036075
0.143052
0.577409
1.236588
1.964613
2.589621
2.964272
3.000034
2.688445
2.103166
1.382222
0.695689
0.206003
0.028851
0.206003
0.695689
1.382222
2.103166
2.688445
3.000034
2.964272
2.589621
1.964613
1.236588
0.577409
0.143052
0.036075
0.281700
0.821997
1.529256
2.236187
2.776108
3.021629
2.914691
2.480589
1.821859
1.093759
0.468301
0.093451
0.057678
0.369413
0.955116
1.676273
2.362399
2.851767
3.028847
2.851759
2.362371
1.676219
0.955075
0.369400
0.057673
0.093446
0.468283
1.093713
1.821808
2.480567
2.914684
3.021625
2.776098
2.236153
1.529201
0.821963
0.281689
0.036071
0.143046
0.577387
1.236537
1.964567
2.589603
2.964267
3.000029
2.688431
2.103126
1.382168
0.695660
0.205995
0.028847
0.205995
0.695660
1.382168
2.103126
2.688431
3.000029
2.964267
2.589603
1.964567
1.236537
0.577387
0.143046
0.036071
0.281689
0.821963
1.529201
2.236153
2.776098
3.021625
2.914684
2.480567
1.821808
1.093713
0.468283
0.093446
0.057673
0.369400
0.955075
1.676219
2.362371
2.851759
3.064624
2.887546
2.398207
1.712118
0.990942
0.405200
0.093451
0.129226
0.504094
1.129594
1.857700
2.516389
2.950467
3.057402
2.811891
2.272004
1.565103
0.857814
0.317482
0.071848
0.178829
0.613209
1.272429
2.000448
2.625414
3.000047
3.035807
2.724232
2.138992
1.418067
0.731497
0.241782
0.064624
0.241782
0.731497
1.418067
2.138992
2.724232
3.035807
3.000047
2.625414
2.000448
1.272429
0.613209
0.178829
0.071848
0.317482
0.857814
1.565103
2.272004
2.811891
3.057402
2.950467
2.516389
1.857700
1.129594
0.504094
0.129226
0.093451
0.405200
0.990942
1.712118
2.398207
2.887546
3.064652
2.887606
2.398419
1.712524
0.991246
0.405302
0.093483
0.129264
0.504226
1.129941
1.858082
2.516558
2.950514
3.057431
2.811969
2.272262
1.565516
0.858072
0.317560
0.071877
0.178876
0.613379
1.272811
2.000795
2.625546
3.000085
3.035839
2.724334
2.139296
1.418472
0.731708
0.241842
0.064652
0.241842
0.731708
1.418472
2.139296
2.724334
3.035839
3.000085
2.625546
2.000795
1.272811
0.613379
0.178876
0.071877
0.317560
0.858072
1.565516
2.272262
2.811969
3.057431
2.950514
2.516558
1.858082
1.129941
0.504226
0.129264
0.093483
0.405302
0.991246
1.712524
2.398419
2.887606
3.439460
3.262482
2.773611
2.088120
1.366631
0.780266
0.468301
0.504094
0.879253
1.505416
2.233630
2.891662
3.325363
3.432241
3.186883
2.647550
1.941129
1.233360
0.692474
0.446687
0.553724
0.988482
1.648359
2.376270
3.000573
3.374915
3.410657
3.099297
2.514682
1.794069
1.106900
0.616718
0.439460
0.616718
1.106900
1.794069
2.514682
3.099297
3.410657
3.374915
3.000573
2.376270
1.648359
0.988482
0.553724
0.446687
0.692474
1.233360
1.941129
2.647550
3.186883
3.432241
3.325363
2.891662
2.233630
1.505416
0.879253
0.504094
0.468301
0.780266
1.366631
2.088120
2.773611
3.262482
3.439552
3.262683
2.774315
2.089470
1.367645
0.780606
0.468408
0.504220
0.879694
1.506573
2.234904
2.892225
3.325520
3.432337
3.187143
2.648408
1.942505
1.234218
0.692735
0.446783
0.553881
0.989045
1.649633
2.377427
3.001014
3.375041
3.410763
3.099638
2.515695
1.795418
1.107605
0.616919
0.439552
0.616919
1.107605
1.795418
2.515695
3.099638
3.410763
3.375041
3.001014
2.377427
1.649633
0.989045
0.553881
0.446783
0.692735
1.234218
1.942505
2.648408
3.187143
3.432337
3.325520
2.892225
2.234904
1.506573
0.879694
0.504220
0.468408
0.780606
1.367645
2.089470
2.774315
3.262683
4.064888
3.888138
3.400330
2.716200
1.994001
1.406217
1.093759
1.129594
1.505416
2.133088
2.861549
3.518083
3.950927
4.057677
3.812666
3.274593
2.569265
1.860403
1.318257
1.072123
1.179288
1.614904
2.276278
3.003942
3.626736
4.000415
4.036115
3.725248
3.142052
2.422148
1.733619
1.242374
1.064888
1.242374
1.733619
2.422148
3.142052
3.725248
4.036115
4.000415
3.626736
3.003942
2.276278
1.614904
1.179288
1.072123
1.318257
1.860403
2.569265
3.274593
3.812666
4.057677
3.950927
3.518083
2.861549
2.133088
1.505416
1.129594
1.093759
1.406217
1.994001
2.716200
3.400330
3.888138
4.064946
3.888264
3.400773
2.717048
1.994638
1.406430
1.093827
1.129673
1.505693
2.133815
2.862349
3.518437
3.951025
4.057737
3.812830
3.275132
2.570129
1.860942
1.318421
1.072183
1.179387
1.615258
2.277078
3.004669
3.627013
4.000494
4.036182
3.725462
3.142688
2.422996
1.734062
1.242501
1.064946
1.242501
1.734062
2.422996
3.142688
3.725462
4.036182
4.000494
3.627013
3.004669
2.277078
1.615258
1.179387
1.072183
1.318421
1.860942
2.570129
3.275132
3.812830
4.057737
3.951025
3.518437
2.862349
2.133815
1.505693
1.129673
1.093827
1.406430
1.994638
2.717048
3.400773
3.888264
4.792982
4.616270
4.128635
3.444727
2.722413
2.134396
1.821859
1.857700
2.233630
2.861549
3.590049
4.246340
4.679043
4.785773
4.540818
4.002950
3.297801
2.588760
2.046409
1.800218
1.907405
2.343160
3.004778
3.732403
4.354951
4.728521
4.764214
4.453428
3.870463
3.150675
2.461924
1.970506
1.792982
1.970506
2.461924
3.150675
3.870463
4.453428
4.764214
4.728521
4.354951
3.732403
3.004778
2.343160
1.907405
1.800218
2.046409
2.588760
3.297801
4.002950
4.540818
4.785773
4.679043
4.246340
3.590049
2.861549
2.233630
1.857700
1.821859
2.134396
2.722413
3.444727
4.128635
4.616270
4.792890
4.616070
4.127935
3.443385
2.721406
2.134058
1.821752
1.857574
2.233192
2.860400
3.588784
4.245780
4.678887
4.785677
4.540559
4.002098
3.296433
2.587908
2.046150
1.800123
1.907249
2.342600
3.003513
3.731254
4.354512
4.728395
4.764108
4.453089
3.869456
3.149334
2.461224
1.970307
1.792890
1.970307
2.461224
3.149334
3.869456
4.453089
4.764108
4.728395
4.354512
3.731254
3.003513
2.342600
1.907249
1.800123
2.046150
2.587908
3.296433
4.002098
4.540559
4.785677
4.678887
4.245780
3.588784
2.860400
2.233192
1.857574
1.821752
2.134058
2.721406
3.443385
4.127935
4.616070
5.451743
5.274805
4.786115
4.100857
3.379247
2.792639
2.480589
2.516389
2.891662
3.518083
4.246340
4.904115
5.337669
5.444526
5.199227
4.660110
3.953876
3.245919
2.704818
2.458972
2.566031
3.000935
3.661069
4.388937
5.012982
5.387210
5.422945
5.111670
4.527297
3.806806
3.119404
2.629041
2.451743
2.629041
3.119404
3.806806
4.527297
5.111670
5.422945
5.387210
5.012982
4.388937
3.661069
3.000935
2.566031
2.458972
2.704818
3.245919
3.953876
4.660110
5.199227
5.444526
5.337669
4.904115
4.246340
3.518083
2.891662
2.516389
2.480589
2.792639
3.379247
4.100857
4.786115
5.274805
5.451671
5.274648
4.785563
4.099800
3.378454
2.792373
2.480506
2.516290
2.891317
3.517178
4.245343
4.903674
5.337547
5.444451
5.199023
4.659438
3.952798
3.245248
2.704614
2.458897
2.565908
3.000494
3.660072
4.388032
5.012637
5.387111
5.422862
5.111404
4.526504
3.805749
3.118853
2.628884
2.451671
2.628884
3.118853
3.805749
4.526504
5.111404
5.422862
5.387111
5.012637
4.388032
3.660072
3.000494
2.565908
2.458897
2.704614
3.245248
3.952798
4.659438
5.199023
5.444451
5.337547
4.903674
4.245343
3.517178
2.891317
2.516290
2.480506
2.792373
3.378454
4.099800
4.785563
5.274648
5.885862
5.708794
5.219500
4.533469
3.812262
3.226461
2.914691
2.950467
3.325363
3.950927
4.679043
5.337669
5.771711
5.878641
5.633144
5.093311
4.386455
3.679121
3.138735
2.893086
3.000072
3.434490
4.093772
4.821781
5.446683
5.821288
5.857047
5.545492
4.960313
4.239417
3.552789
3.063030
2.885862
3.063030
3.552789
4.239417
4.960313
5.545492
5.857047
5.821288
5.446683
4.821781
4.093772
3.434490
3.000072
2.893086
3.138735
3.679121
4.386455
5.093311
5.633144
5.878641
5.771711
5.337669
4.679043
3.950927
3.325363
2.950467
2.914691
3.226461
3.812262
4.533469
5.219500
5.708794
5.885847
5.708760
5.219383
4.533244
3.812094
3.226404
2.914673
2.950446
3.325290
3.950735
4.678832
5.337576
5.771685
5.878625
5.633101
5.093168
4.386227
3.678978
3.138692
2.893071
3.000046
3.434396
4.093561
4.821589
5.446610
5.821267
5.857029
5.545436
4.960144
4.239193
3.552672
3.062997
2.885847
3.062997
3.552672
4.239193
4.960144
5.545436
5.857029
5.821267
5.446610
4.821589
4.093561
3.434396
3.000046
2.893071
3.138692
3.678978
4.386227
5.093168
5.633101
5.878625
5.771685
5.337576
4.678832
3.950735
3.325290
2.950446
2.914673
3.226404
3.812094
4.533244
5.219383
5.708760
5.992803
5.815716
5.326332
4.640184
3.919038
3.333357
3.021629
3.057402
3.432241
4.057677
4.785773
5.444526
5.878641
5.985581
5.740055
5.200115
4.493166
3.785924
3.245646
3.000027
3.107002
3.541346
4.200502
4.928531
5.553562
5.928223
5.963985
5.652389
5.067089
4.346133
3.659621
3.169952
2.992803
3.169952
3.659621
4.346133
5.067089
5.652389
5.963985
5.928223
5.553562
4.928531
4.200502
3.541346
3.107002
3.000027
3.245646
3.785924
4.493166
5.200115
5.740055
5.985581
5.878641
5.444526
4.785773
4.057677
3.432241
3.057402
3.021629
3.333357
3.919038
4.640184
5.326332
5.815716
5.992815
5.815742
5.326423
4.640360
3.919170
3.333402
3.021643
3.057419
3.432299
4.057828
4.785939
5.444600
5.878661
5.985594
5.740089
5.200227
4.493346
3.786036
3.245680
3.000040
3.107022
3.541420
4.200668
4.928682
5.553619
5.928240
5.963999
5.652433
5.067221
4.346309
3.659713
3.169978
2.992815
3.169978
3.659713
4.346309
5.067221
5.652433
5.963999
5.928240
5.553619
4.928682
4.200668
3.541420
3.107022
3.000040
3.245680
3.786036
4.493346
5.200227
5.740089
5.985594
5.878661
5.444600
4.785939
4.057828
3.432299
3.057419
3.021643
3.333402
3.919170
4.640360
5.326423
5.815742
5.747275
5.570240
5.081101
4.395267
3.673957
3.087950
2.776108
2.811891
3.186883
3.812666
4.540818
5.199227
5.633144
5.740055
5.494609
4.954958
4.248262
3.540768
3.000200
2.754501
2.861505
3.296047
3.955547
4.683520
5.308203
5.682712
5.718464
5.406981
4.822008
4.101216
3.414390
2.924476
2.747275
2.924476
3.414390
4.101216
4.822008
5.406981
5.718464
5.682712
5.308203
4.683520
3.955547
3.296047
2.861505
2.754501
3.000200
3.540768
4.248262
4.954958
5.494609
5.740055
5.633144
5.199227
4.540818
3.812666
3.186883
2.811891
2.776108
3.087950
3.673957
4.395267
5.081101
5.570240
5.747340
5.570381
5.081597
4.396218
3.674671
3.088189
2.776184
2.811980
3.187193
3.813480
4.541715
5.199624
5.633254
5.740123
5.494792
4.955563
4.249231
3.541372
3.000384
2.754568
2.861616
3.296444
3.956444
4.684334
5.308514
5.682801
5.718540
5.407221
4.822721
4.102166
3.414886
2.924618
2.747340
2.924618
3.414886
4.102166
4.822721
5.407221
5.718540
5.682801
5.308514
4.684334
3.956444
3.296444
2.861616
2.754568
3.000384
3.541372
4.249231
4.955563
5.494792
5.740123
5.633254
5.199624
4.541715
3.813480
3.187193
2.811980
2.776184
3.088189
3.674671
4.396218
5.081597
5.570381
5.207329
5.030484
4.542232
3.857534
3.135632
2.548439
2.236187
2.272004
2.647550
3.274593
4.002950
4.660110
5.093311
5.200115
4.954958
4.416360
3.710576
3.002170
2.460550
2.214561
2.321672
2.756930
3.417680
4.145447
4.768870
5.142825
5.178543
4.867471
4.283682
3.563483
2.875521
2.384720
2.207329
2.384720
2.875521
3.563483
4.283682
4.867471
5.178543
5.142825
4.768870
4.145447
3.417680
2.756930
2.321672
2.214561
2.460550
3.002170
3.710576
4.416360
4.954958
5.200115
5.093311
4.660110
4.002950
3.274593
2.647550
2.272004
2.236187
2.548439
3.135632
3.857534
4.542232
5.030484
5.207427
5.030697
4.542982
3.858971
3.136711
2.548801
2.236301
2.272139
2.648020
3.275824
4.004306
4.660710
5.093478
5.200217
4.955236
4.417273
3.712041
3.003083
2.460827
2.214663
2.321839
2.757530
3.419035
4.146678
4.769340
5.142960
5.178657
4.867833
4.284761
3.564920
2.876272
2.384934
2.207427
2.384934
2.876272
3.564920
4.284761
4.867833
5.178657
5.142960
4.769340
4.146678
3.419035
2.757530
2.321839
2.214663
2.460827
3.003083
3.712041
4.417273
4.955236
5.200217
5.093478
4.660710
4.004306
3.275824
2.648020
2.272139
2.236301
2.548801
3.136711
3.858971
4.542982
5.030697
4.500375
4.323695
3.836214
3.152501
2.430085
1.841864
1.529256
1.565103
1.941129
2.569265
3.297801
3.953876
4.386455
4.493166
4.248262
3.710576
3.005584
2.296386
1.753853
1.507612
1.614817
2.050696
2.712530
3.440119
4.062449
4.435924
4.471611
4.160895
3.578135
2.858450
2.169503
1.677932
1.500375
1.677932
2.169503
2.858450
3.578135
4.160895
4.471611
4.435924
4.062449
3.440119
2.712530
2.050696
1.614817
1.507612
1.753853
2.296386
3.005584
3.710576
4.248262
4.493166
4.386455
3.953876
3.297801
2.569265
1.941129
1.565103
1.529256
1.841864
2.430085
3.152501
3.836214
4.323695
4.500332
4.323602
3.835887
3.151876
2.429615
1.841706
1.529206
1.565044
1.940924
2.568729
3.297211
3.953614
4.386383
4.493122
4.248141
3.710178
3.004946
2.295988
1.753732
1.507568
1.614744
2.050435
2.711940
3.439583
4.062245
4.435865
4.471562
4.160738
3.577666
2.857824
2.169176
1.677839
1.500332
1.677839
2.169176
2.857824
3.577666
4.160738
4.471562
4.435865
4.062245
3.439583
2.711940
2.050435
1.614744
1.507568
1.753732
2.295988
3.004946
3.710178
4.248141
4.493122
4.386383
3.953614
3.297211
2.568729
1.940924
1.565044
1.529206
1.841706
2.429615
3.151876
3.835887
4.323602
3.793139
3.616294
3.128042
2.443344
1.721442
1.134249
0.821997
0.857814
1.233360
1.860403
2.588760
3.245919
3.679121
3.785924
3.540768
3.002170
2.296386
1.587979
1.046359
0.800370
0.907482
1.342740
2.003489
2.731257
3.354680
3.728635
3.764353
3.453280
2.869492
2.149293
1.461331
0.970530
0.793139
0.970530
1.461331
2.149293
2.869492
3.453280
3.764353
3.728635
3.354680
2.731257
2.003489
1.342740
0.907482
0.800370
1.046359
1.587979
2.296386
3.002170
3.540768
3.785924
3.679121
3.245919
2.588760
1.860403
1.233360
0.857814
0.821997
1.134249
1.721442
2.443344
3.128042
3.616294
3.793041
3.616082
3.127298
2.441918
1.720371
1.133890
0.821884
0.857681
1.232894
1.859181
2.587415
3.245324
3.678955
3.785823
3.540493
3.001263
2.294932
1.587073
1.046084
0.800269
0.907316
1.342144
2.002144
2.730035
3.354214
3.728502
3.764240
3.452921
2.868422
2.147867
1.460587
0.970318
0.793041
0.970318
1.460587
2.147867
2.868422
3.452921
3.764240
3.728502
3.354214
2.730035
2.002144
1.342144
0.907316
0.800269
1.046084
1.587073
2.294932
3.001263
3.540493
3.785823
3.678955
3.245324
2.587415
1.859181
1.232894
0.857681
0.821884
1.133890
1.720371
2.441918
3.127298
3.616082
3.252866
3.075831
2.586692
1.900858
1.179549
0.593541
0.281700
0.317482
0.692474
1.318257
2.046409
2.704818
3.138735
3.245646
3.000200
2.460550
1.753853
1.046359
0.505791
0.260092
0.367097
0.801638
1.461138
2.189111
2.813794
3.188303
3.224055
2.912572
2.327599
1.606807
0.919981
0.430068
0.252866
0.430068
0.919981
1.606807
2.327599
2.912572
3.224055
3.188303
2.813794
2.189111
1.461138
0.801638
0.367097
0.260092
0.505791
1.046359
1.753853
2.460550
3.000200
3.245646
3.138735
2.704818
2.046409
1.318257
0.692474
0.317482
0.281700
0.593541
1.179549
1.900858
2.586692
3.075831
3.252834
3.075760
2.586442
1.900379
1.179189
0.593420
0.281662
0.317437
0.692317
1.317846
2.045957
2.704618
3.138680
3.245612
3.000108
2.460245
1.753364
1.046055
0.505699
0.260058
0.367041
0.801438
1.460686
2.188700
2.813638
3.188258
3.224018
2.912452
2.327239
1.606327
0.919731
0.429996
0.252834
0.429996
0.919731
1.606327
2.327239
2.912452
3.224018
3.188258
2.813638
2.188700
1.460686
0.801438
0.367041
0.260058
0.505699
1.046055
1.753364
2.460245
3.000108
3.245612
3.138680
2.704618
2.045957
1.317846
0.692317
0.317437
0.281662
0.593420
1.179189
1.900379
2.586442
3.075760
3.007249
2.830161
2.340777
1.654630
0.933484
0.347803
0.036075
0.071848
0.446687
1.072123
1.800218
2.458972
2.893086
3.000027
2.754501
2.214561
1.507612
0.800370
0.260092
0.014473
0.121448
0.555792
1.214947
1.942977
2.568008
2.942669
2.978431
2.666835
2.081534
1.360579
0.674067
0.184398
0.007249
0.184398
0.674067
1.360579
2.081534
2.666835
2.978431
2.942669
2.568008
1.942977
1.214947
0.555792
0.121448
0.014473
0.260092
0.800370
1.507612
2.214561
2.754501
3.000027
2.893086
2.458972
1.800218
1.072123
0.446687
0.071848
0.036075
0.347803
0.933484
1.654630
2.340777
2.830161
3.007250
2.830164
2.340787
1.654648
0.933498
0.347808
0.036077
0.071850
0.446693
1.072138
1.800235
2.458979
2.893089
3.000028
2.754504
2.214572
1.507630
0.800382
0.260096
0.014474
0.121450
0.555800
1.214964
1.942992
2.568013
2.942671
2.978432
2.666839
2.081548
1.360597
0.674076
0.184400
0.007250
0.184400
0.674076
1.360597
2.081548
2.666839
2.978432
2.942671
2.568013
1.942992
1.214964
0.555800
0.121450
0.014474
0.260096
0.800382
1.507630
2.214572
2.754504
3.000028
2.893089
2.458979
1.800235
1.072138
0.446693
0.071850
0.036077
0.347808
0.933498
1.654648
2.340787
2.830164
3.114223
2.937155
2.447862
1.761830
1.040624
0.454822
0.143052
0.178829
0.553724
1.179288
1.907405
2.566031
3.000072
3.107002
2.861505
2.321672
1.614817
0.907482
0.367097
0.121448
0.228434
0.662851
1.322134
2.050142
2.675045
3.049650
3.085408
2.773853
2.188674
1.467779
0.781151
0.291391
0.114223
0.291391
0.781151
1.467779
2.188674
2.773853
3.085408
3.049650
2.675045
2.050142
1.322134
0.662851
0.228434
0.121448
0.367097
0.907482
1.614817
2.321672
2.861505
3.107002
3.000072
2.566031
1.907405
1.179288
0.553724
0.178829
0.143052
0.454822
1.040624
1.761830
2.447862
2.937155
3.114262
2.937238
2.448154
1.762391
1.041045
0.454963
0.143096
0.178881
0.553907
1.179769
1.907934
2.566265
3.000137
3.107042
2.861614
2.322029
1.615389
0.907838
0.367205
0.121488
0.228499
0.663085
1.322663
2.050623
2.675228
3.049702
3.085452
2.773995
2.189095
1.468340
0.781444
0.291475
0.114262
0.291475
0.781444
1.468340
2.189095
2.773995
3.085452
3.049702
2.675228
2.050623
1.322663
0.663085
0.228499
0.121488
0.367205
0.907838
1.615389
2.322029
2.861614
3.107042
3.000137
2.566265
1.907934
1.179769
0.553907
0.178881
0.143096
0.454963
1.041045
1.762391
2.448154
2.937238
3.548563
3.371625
2.882935
2.197677
1.476067
0.889459
0.577409
0.613209
0.988482
1.614904
2.343160
3.000935
3.434490
3.541346
3.296047
2.756930
2.050696
1.342740
0.801638
0.555792
0.662851
1.097755
1.757889
2.485758
3.109802
3.484030
3.519765
3.208490
2.624118
1.903626
1.216225
0.725861
0.548563
0.725861
1.216225
1.903626
2.624118
3.208490
3.519765
3.484030
3.109802
2.485758
1.757889
1.097755
0.662851
0.555792
0.801638
1.342740
2.050696
2.756930
3.296047
3.541346
3.434490
3.000935
2.343160
1.614904
0.988482
0.613209
0.577409
0.889459
1.476067
2.197677
2.882935
3.371625
3.548665
3.371845
2.883709
2.199160
1.477180
0.889833
0.577527
0.613348
0.988966
1.616174
2.344559
3.001554
3.434662
3.541452
3.296333
2.757872
2.052208
1.343682
0.801925
0.555898
0.663023
1.098375
1.759288
2.487028
3.110287
3.484169
3.519883
3.208864
2.625231
1.905109
1.216999
0.726081
0.548665
0.726081
1.216999
1.905109
2.625231
3.208864
3.519883
3.484169
3.110287
2.487028
1.759288
1.098375
0.663023
0.555898
0.801925
1.343682
2.052208
2.757872
3.296333
3.541452
3.434662
3.001554
2.344559
1.616174
0.988966
0.613348
0.577527
0.889833
1.477180
2.199160
2.883709
3.371845
4.207711
4.030999
3.543364
2.859456
2.137142
1.549125
1.236588
1.272429
1.648359
2.276278
3.004778
3.661069
4.093772
4.200502
3.955547
3.417680
2.712530
2.003489
1.461138
1.214947
1.322134
1.757889
2.419507
3.147132
3.769680
4.143250
4.178944
3.868157
3.285192
2.565404
1.876653
1.385235
1.207711
1.385235
1.876653
2.565404
3.285192
3.868157
4.178944
4.143250
3.769680
3.147132
2.419507
1.757889
1.322134
1.214947
1.461138
2.003489
2.712530
3.417680
3.955547
4.200502
4.093772
3.661069
3.004778
2.276278
1.648359
1.272429
1.236588
1.549125
2.137142
2.859456
3.543364
4.030999
4.207738
4.031056
3.543564
2.859839
2.137430
1.549222
1.236618
1.272465
1.648485
2.276607
3.005140
3.661229
4.093817
4.200529
3.955621
3.417923
2.712921
2.003733
1.461212
1.214975
1.322178
1.758049
2.419869
3.147461
3.769805
4.143286
4.178974
3.868253
3.285480
2.565788
1.876854
1.385292
1.207738
1.385292
1.876854
2.565788
3.285480
3.868253
4.178974
4.143286
3.769805
3.147461
2.419869
1.758049
1.322178
1.214975
1.461212
2.003733
2.712921
3.417923
3.955621
4.200529
4.093817
3.661229
3.005140
2.276607
1.648485
1.272465
1.236618
1.549222
2.137430
2.859839
3.543564
4.031056
4.935742
4.758992
4.271184
3.587054
2.864856
2.277071
1.964613
2.000448
2.376270
3.003942
3.732403
4.388937
4.821781
4.928531
4.683520
4.145447
3.440119
2.731257
2.189111
1.942977
2.050142
2.485758
3.147132
3.874796
4.497590
4.871269
4.906969
4.596102
4.012906
3.293002
2.604473
2.113229
1.935742
2.113229
2.604473
3.293002
4.012906
4.596102
4.906969
4.871269
4.497590
3.874796
3.147132
2.485758
2.050142
1.942977
2.189111
2.731257
3.440119
4.145447
4.683520
4.928531
4.821781
4.388937
3.732403
3.003942
2.376270
2.000448
1.964613
2.277071
2.864856
3.587054
4.271184
4.758992
4.935639
4.758770
4.270403
3.585557
2.863732
2.276693
1.964495
2.000307
2.375781
3.002660
3.730991
4.388313
4.821607
4.928425
4.683231
4.144495
3.438593
2.730305
2.188822
1.942870
2.049968
2.485133
3.145720
3.873514
4.497101
4.871128
4.906851
4.595725
4.011782
3.291506
2.603692
2.113006
1.935639
2.113006
2.603692
3.291506
4.011782
4.595725
4.906851
4.871128
4.497101
3.873514
3.145720
2.485133
2.049968
1.942870
2.188822
2.730305
3.438593
4.144495
4.683231
4.928425
4.821607
4.388313
3.730991
3.002660
2.375781
2.000307
1.964495
2.276693
2.863732
3.585557
4.270403
4.758770
5.560780
5.383802
4.894931
4.209440
3.487952
2.901586
2.589621
2.625414
3.000573
3.626736
4.354951
5.012982
5.446683
5.553562
5.308203
4.768870
4.062449
3.354680
2.813794
2.568008
2.675045
3.109802
3.769680
4.497590
5.121893
5.496235
5.531977
5.220618
4.636002
3.915389
3.228220
2.738039
2.560780
2.738039
3.228220
3.915389
4.636002
5.220618
5.531977
5.496235
5.121893
4.497590
3.769680
3.109802
2.675045
2.568008
2.813794
3.354680
4.062449
4.768870
5.308203
5.553562
5.446683
5.012982
4.354951
3.626736
3.000573
2.625414
2.589621
2.901586
3.487952
4.209440
4.894931
5.383802
5.560722
5.383677
4.894489
4.208594
3.487317
2.901373
2.589554
2.625335
3.000297
3.626011
4.354152
5.012629
5.446585
5.553502
5.308040
4.768332
4.061586
3.354142
2.813631
2.567948
2.674946
3.109449
3.768881
4.496865
5.121617
5.496156
5.531910
5.220405
4.635367
3.914543
3.227779
2.737913
2.560722
2.737913
3.227779
3.914543
4.635367
5.220405
5.531910
5.496156
5.121617
4.496865
3.768881
3.109449
2.674946
2.567948
2.813631
3.354142
4.061586
4.768332
5.308040
5.553502
5.446585
5.012629
4.354152
3.626011
3.000297
2.625335
2.589554
2.901373
3.487317
4.208594
4.894489
5.383677
5.935445
5.758367
5.269028
4.582939
3.861763
3.276021
2.964272
3.000047
3.374915
4.000415
4.728521
5.387210
5.821288
5.928223
5.682712
5.142825
4.435924
3.728635
3.188303
2.942669
3.049650
3.484030
4.143250
4.871269
5.496235
5.870868
5.906628
5.595053
5.009813
4.288888
3.602318
3.112603
2.935445
3.112603
3.602318
4.288888
5.009813
5.595053
5.906628
5.870868
5.496235
4.871269
4.143250
3.484030
3.049650
2.942669
3.188303
3.728635
4.435924
5.142825
5.682712
5.928223
5.821288
5.387210
4.728521
4.000415
3.374915
3.000047
2.964272
3.276021
3.861763
4.582939
5.269028
5.758367
5.935436
5.758347
5.268959
4.582807
3.861664
3.275988
2.964262
3.000035
3.374871
4.000301
4.728396
5.387155
5.821273
5.928214
5.682686
5.142741
4.435789
3.728551
3.188278
2.942660
3.049634
3.483975
4.143125
4.871155
5.496192
5.870856
5.906618
5.595020
5.009714
4.288756
3.602249
3.112584
2.935436
3.112584
3.602249
4.288756
5.009714
5.595020
5.906618
5.870856
5.496192
4.871155
4.143125
3.483975
3.049634
2.942660
3.188278
3.728551
4.435789
5.142741
5.682686
5.928214
5.821273
5.387155
4.728396
4.000301
3.374871
3.000035
2.964262
3.275988
3.861664
4.582807
5.268959
5.758347
5.971207
5.794123
5.304755
4.618629
3.897472
3.311769
3.000034
3.035807
3.410657
4.036115
4.764214
5.422945
5.857047
5.963985
5.718464
5.178543
4.471611
3.764353
3.224055
2.978431
3.085408
3.519765
4.178944
4.906969
5.531977
5.906628
5.942389
5.630801
5.045522
4.324577
3.638044
3.148359
2.971207
3.148359
3.638044
4.324577
5.045522
5.630801
5.942389
5.906628
5.531977
4.906969
4.178944
3.519765
3.085408
2.978431
3.224055
3.764353
4.471611
5.178543
5.718464
5.963985
5.857047
5.422945
4.764214
4.036115
3.410657
3.035807
3.000034
3.311769
3.897472
4.618629
5.304755
5.794123
5.971226
5.794164
5.304900
4.618907
3.897681
3.311839
3.000056
3.035833
3.410747
4.036354
4.764477
5.423061
5.857079
5.964005
5.718518
5.178720
4.471895
3.764530
3.224109
2.978451
3.085440
3.519881
4.179206
4.907208
5.532068
5.906654
5.942411
5.630871
5.045731
4.324856
3.638190
3.148400
2.971226
3.148400
3.638190
4.324856
5.045731
5.630871
5.942411
5.906654
5.532068
4.907208
4.179206
3.519881
3.085440
2.978451
3.224109
3.764530
4.471895
5.178720
5.718518
5.964005
5.857079
5.423061
4.764477
4.036354
3.410747
3.035833
3.000056
3.311839
3.897681
4.618907
5.304900
5.794164
5.659608
5.482598
4.993577
4.307894
3.586506
3.000341
2.688445
2.724232
3.099297
3.725248
4.453428
5.111670
5.545492
5.652389
5.406981
4.867471
4.160895
3.453280
2.912572
2.666835
2.773853
3.208490
3.868157
4.596102
5.220618
5.595053
5.630801
5.319372
4.734556
4.013843
3.326866
2.836835
2.659608
2.836835
3.326866
4.013843
4.734556
5.319372
5.630801
5.595053
5.220618
4.596102
3.868157
3.208490
2.773853
2.666835
2.912572
3.453280
4.160895
4.867471
5.406981
5.652389
5.545492
5.111670
4.453428
3.725248
3.099297
2.724232
2.688445
3.000341
3.586506
4.307894
4.993577
5.482598
5.659688
5.482771
4.994183
4.309056
3.587378
3.000633
2.688537
2.724341
3.099677
3.726243
4.454523
5.112155
5.545627
5.652471
5.407205
4.868209
4.162080
3.454019
2.912796
2.666917
2.773988
3.208975
3.869252
4.597097
5.220997
5.595162
5.630893
5.319665
4.735428
4.015004
3.327472
2.837007
2.659688
2.837007
3.327472
4.015004
4.735428
5.319665
5.630893
5.595162
5.220997
4.597097
3.869252
3.208975
2.773988
2.666917
2.912796
3.454019
4.162080
4.868209
5.407205
5.652471
5.545627
5.112155
4.454523
3.726243
3.099677
2.724341
2.688537
3.000633
3.587378
4.309056
4.994183
5.482771
5.074301
4.897506
4.409484
3.725082
3.003025
2.415525
2.103166
2.138992
2.514682
3.142052
3.870463
4.527297
4.960313
5.067089
4.822008
4.283682
3.578135
2.869492
2.327599
2.081534
2.188674
2.624118
3.285192
4.012906
4.636002
5.009813
5.045522
4.734556
4.151076
3.431030
2.742774
2.251742
2.074301
2.251742
2.742774
3.431030
4.151076
4.734556
5.045522
5.009813
4.636002
4.012906
3.285192
2.624118
2.188674
2.081534
2.327599
2.869492
3.578135
4.283682
4.822008
5.067089
4.960313
4.527297
3.870463
3.142052
2.514682
2.138992
2.103166
2.415525
3.003025
3.725082
4.409484
4.897506
5.074384
4.897685
4.410116
3.726291
3.003934
2.415830
2.103262
2.139106
2.515077
3.143088
3.871604
4.527803
4.960453
5.067175
4.822241
4.284451
3.579369
2.870261
2.327833
2.081620
2.188815
2.624623
3.286333
4.013943
4.636397
5.009927
5.045618
4.734861
4.151984
3.432240
2.743405
2.251922
2.074384
2.251922
2.743405
3.432240
4.151984
4.734861
5.045618
5.009927
4.636397
4.013943
3.286333
2.624623
2.188815
2.081620
2.327833
2.870261
3.579369
4.284451
4.822241
5.067175
4.960453
4.527803
3.871604
3.143088
2.515077
2.139106
2.103262
2.415830
3.003934
3.726291
4.410116
4.897685
4.353342
4.176654
3.689133
3.005370
2.282980
1.694812
1.382222
1.418067
1.794069
2.422148
3.150675
3.806806
4.239417
4.346133
4.101216
3.563483
2.858450
2.149293
1.606807
1.360579
1.467779
1.903626
2.565404
3.293002
3.915389
4.288888
4.324577
4.013843
3.431030
2.711318
2.022422
1.530890
1.353342
1.530890
2.022422
2.711318
3.431030
4.013843
4.324577
4.288888
3.915389
3.293002
2.565404
1.903626
1.467779
1.360579
1.606807
2.149293
2.858450
3.563483
4.101216
4.346133
4.239417
3.806806
3.150675
2.422148
1.794069
1.418067
1.382222
1.694812
2.282980
3.005370
3.689133
4.176654
4.353270
4.176499
3.688587
3.004325
2.282196
1.694548
1.382139
1.417969
1.793727
2.421253
3.149690
3.806370
4.239296
4.346059
4.101014
3.562819
2.857385
2.148629
1.606605
1.360505
1.467657
1.903190
2.564419
3.292108
3.915048
4.288790
4.324495
4.013580
3.430246
2.710274
2.021877
1.530735
1.353270
1.530735
2.021877
2.710274
3.430246
4.013580
4.324495
4.288790
3.915048
3.292108
2.564419
1.903190
1.467657
1.360505
1.606605
2.148629
2.857385
3.562819
4.101014
4.346059
4.239296
3.806370
3.149690
2.421253
1.793727
1.417969
1.382139
1.694548
2.282196
3.004325
3.688587
4.176499
3.666836
3.489943
3.001463
2.316473
1.594723
1.007835
0.695689
0.731497
1.106900
1.733619
2.461924
3.119404
3.552789
3.659621
3.414390
2.875521
2.169503
1.461331
0.919981
0.674067
0.781151
1.216225
1.876653
2.604473
3.228220
3.602318
3.638044
3.326866
2.742774
2.022422
1.334752
0.844179
0.666836
0.844179
1.334752
2.022422
2.742774
3.326866
3.638044
3.602318
3.228220
2.604473
1.876653
1.216225
0.781151
0.674067
0.919981
1.461331
2.169503
2.875521
3.414390
3.659621
3.552789
3.119404
2.461924
1.733619
1.106900
0.731497
0.695689
1.007835
1.594723
2.316473
3.001463
3.489943
3.666750
3.489756
3.000805
2.315213
1.593777
1.007517
0.695589
0.731379
1.106488
1.732540
2.460735
3.118878
3.552643
3.659531
3.414147
2.874720
2.168218
1.460530
0.919738
0.673977
0.781004
1.215698
1.875465
2.603394
3.227809
3.602200
3.637945
3.326549
2.741828
2.021162
1.334094
0.843992
0.666750
0.843992
1.334094
2.021162
2.741828
3.326549
3.637945
3.602200
3.227809
2.603394
1.875465
1.215698
0.781004
0.673977
0.919738
1.460530
2.168218
2.874720
3.414147
3.659531
3.552643
3.118878
2.460735
1.732540
1.106488
0.731379
0.695589
1.007517
1.593777
2.315213
3.000805
3.489756
3.177173
3.000118
2.510890
1.824941
1.103692
0.517803
0.206003
0.241782
0.616718
1.242374
1.970506
2.629041
3.063030
3.169952
2.924476
2.384720
1.677932
0.970530
0.430068
0.184398
0.291391
0.725861
1.385235
2.113229
2.738039
3.112603
3.148359
2.836835
2.251742
1.530890
0.844179
0.354355
0.177173
0.354355
0.844179
1.530890
2.251742
2.836835
3.148359
3.112603
2.738039
2.113229
1.385235
0.725861
0.291391
0.184398
0.430068
0.970530
1.677932
2.384720
2.924476
3.169952
3.063030
2.629041
1.970506
1.242374
0.616718
0.241782
0.206003
0.517803
1.103692
1.824941
2.510890
3.000118
3.177150
3.000068
2.510713
1.824603
1.103438
0.517718
0.205976
0.241751
0.616608
1.242085
1.970187
2.628900
3.062991
3.169928
2.924411
2.384505
1.677587
0.970315
0.430002
0.184374
0.291352
0.725720
1.384916
2.112939
2.737928
3.112572
3.148332
2.836749
2.251488
1.530552
0.844002
0.354304
0.177150
0.354304
0.844002
1.530552
2.251488
2.836749
3.148332
3.112572
2.737928
2.112939
1.384916
0.725720
0.291352
0.184374
0.430002
0.970315
1.677587
2.384505
2.924411
3.169928
3.062991
2.628900
1.970187
1.242085
0.616608
0.241751
0.205976
0.517718
1.103438
1.824603
2.510713
3.000068
3.000025
2.822936
2.333547
1.647393
0.926251
0.340577
0.028851
0.064624
0.439460
1.064888
1.792982
2.451743
2.885862
2.992803
2.747275
2.207329
1.500375
0.793139
0.252866
0.007249
0.114223
0.548563
1.207711
1.935742
2.560780
2.935445
2.971207
2.659608
2.074301
1.353342
0.666836
0.177173
0.000025
0.177173
0.666836
1.353342
2.074301
2.659608
2.971207
2.935445
2.560780
1.935742
1.207711
0.548563
0.114223
0.007249
0.252866
0.793139
1.500375
2.207329
2.747275
2.992803
2.885862
2.451743
1.792982
1.064888
0.439460
0.064624
0.028851
0.340577
0.926251
1.647393
2.333547
2.822936
3.000031
2.822950
2.333595
1.647485
0.926320
0.340600
0.028858
0.064632
0.439490
1.064967
1.793069
2.451782
2.885873
2.992810
2.747293
2.207387
1.500469
0.793197
0.252884
0.007256
0.114234
0.548602
1.207798
1.935821
2.560810
2.935453
2.971214
2.659631
2.074370
1.353434
0.666884
0.177186
0.000031
0.177186
0.666884
1.353434
2.074370
2.659631
2.971214
2.935453
2.560810
1.935821
1.207798
0.548602
0.114234
0.007256
0.252884
0.793197
1.500469
2.207387
2.747293
2.992810
2.885873
2.451782
1.793069
1.064967
0.439490
0.064632
0.028858
0.340600
0.926320
1.647485
2.333595
2.822950
3.177173
3.000118
2.510890
1.824941
1.103692
0.517803
0.206003
0.241782
0.616718
1.242374
1.970506
2.629041
3.063030
3.169952
2.924476
2.384720
1.677932
0.970530
0.430068
0.184398
0.291391
0.725861
1.385235
2.113229
2.738039
3.112603
3.148359
2.836835
2.251742
1.530890
0.844179
0.354355
0.177173
0.354355
0.844179
1.530890
2.251742
2.836835
3.148359
3.112603
2.738039
2.113229
1.385235
0.725861
0.291391
0.184398
0.430068
0.970530
1.677932
2.384720
2.924476
3.169952
3.063030
2.629041
1.970506
1.242374
0.616718
0.241782
0.206003
0.517803
1.103692
1.824941
2.510890
3.000118
3.177224
3.000229
2.511279
1.825687
1.104251
0.517991
0.206062
0.241852
0.616962
1.243013
1.971209
2.629352
3.063116
3.170005
2.924620
2.385194
1.678691
0.971003
0.430211
0.184451
0.291478
0.726172
1.385938
2.113867
2.738282
3.112673
3.148418
2.837022
2.252301
1.531635
0.844568
0.354465
0.177224
0.354465
0.844568
1.531635
2.252301
2.837022
3.148418
3.112673
2.738282
2.113867
1.385938
0.726172
0.291478
0.184451
0.430211
0.971003
1.678691
2.385194
2.924620
3.170005
3.063116
2.629352
1.971209
1.243013
0.616962
0.241852
0.206062
0.517991
1.104251
1.825687
2.511279
3.000229
3.666836
3.489943
3.001463
2.316473
1.594723
1.007835
0.695689
0.731497
1.106900
1.733619
2.461924
3.119404
3.552789
3.659621
3.414390
2.875521
2.169503
1.461331
0.919981
0.674067
0.781151
1.216225
1.876653
2.604473
3.228220
3.602318
3.638044
3.326866
2.742774
2.022422
1.334752
0.844179
0.666836
0.844179
1.334752
2.022422
2.742774
3.326866
3.638044
3.602318
3.228220
2.604473
1.876653
1.216225
0.781151
0.674067
0.919981
1.461331
2.169503
2.875521
3.414390
3.659621
3.552789
3.119404
2.461924
1.733619
1.106900
0.731497
0.695689
1.007835
1.594723
2.316473
3.001463
3.489943
3.666941
3.490169
3.002258
2.317996
1.595866
1.008219
0.695809
0.731639
1.107398
1.734924
2.463360
3.120040
3.552966
3.659729
3.414684
2.876489
2.171055
1.462299
0.920275
0.674175
0.781328
1.216860
1.878089
2.605778
3.228718
3.602460
3.638165
3.327250
2.743916
2.023944
1.335547
0.844405
0.666941
0.844405
1.335547
2.023944
2.743916
3.327250
3.638165
3.602460
3.228718
2.605778
1.878089
1.216860
0.781328
0.674175
0.920275
1.462299
2.171055
2.876489
3.414684
3.659729
3.552966
3.120040
2.463360
1.734924
1.107398
0.731639
0.695809
1.008219
1.595866
2.317996
3.002258
3.490169
4.353342
4.176654
3.689133
3.005370
2.282980
1.694812
1.382222
1.418067
1.794069
2.422148
3.150675
3.806806
4.239417
4.346133
4.101216
3.563483
2.858450
2.149293
1.606807
1.360579
1.467779
1.903626
2.565404
3.293002
3.915389
4.288888
4.324577
4.013843
3.431030
2.711318
2.022422
1.530890
1.353342
1.530890
2.022422
2.711318
3.431030
4.013843
4.324577
4.288888
3.915389
3.293002
2.565404
1.903626
1.467779
1.360579
1.606807
2.149293
2.858450
3.563483
4.101216
4.346133
4.239417
3.806806
3.150675
2.422148
1.794069
1.418067
1.382222
1.694812
2.282980
3.005370
3.689133
4.176654
4.353333
4.176635
3.689065
3.005240
2.282883
1.694779
1.382211
1.418055
1.794026
2.422038
3.150553
3.806752
4.239402
4.346124
4.101191
3.563401
2.858318
2.149210
1.606782
1.360570
1.467764
1.903572
2.565282
3.292892
3.915347
4.288876
4.324567
4.013810
3.430933
2.711189
2.022355
1.530871
1.353333
1.530871
2.022355
2.711189
3.430933
4.013810
4.324567
4.288876
3.915347
3.292892
2.565282
1.903572
1.467764
1.360570
1.606782
2.149210
2.858318
3.563401
4.101191
4.346124
4.239402
3.806752
3.150553
2.422038
1.794026
1.418055
1.382211
1.694779
2.282883
3.005240
3.689065
4.176635
5.074301
4.897506
4.409484
3.725082
3.003025
2.415525
2.103166
2.138992
2.514682
3.142052
3.870463
4.527297
4.960313
5.067089
4.822008
4.283682
3.578135
2.869492
2.327599
2.081534
2.188674
2.624118
3.285192
4.012906
4.636002
5.009813
5.045522
4.734556
4.151076
3.431030
2.742774
2.251742
2.074301
2.251742
2.742774
3.431030
4.151076
4.734556
5.045522
5.009813
4.636002
4.012906
3.285192
2.624118
2.188674
2.081534
2.327599
2.869492
3.578135
4.283682
4.822008
5.067089
4.960313
4.527297
3.870463
3.142052
2.514682
2.138992
2.103166
2.415525
3.003025
3.725082
4.409484
4.897506
5.074197
4.897280
4.408693
3.723565
3.001887
2.415143
2.103046
2.138850
2.514186
3.140752
3.869032
4.526664
4.960136
5.066981
4.821715
4.282718
3.576589
2.868528
2.327306
2.081427
2.188498
2.623484
3.283761
4.011606
4.635506
5.009671
5.045402
4.734174
4.149937
3.429514
2.741982
2.251517
2.074197
2.251517
2.741982
3.429514
4.149937
4.734174
5.045402
5.009671
4.635506
4.011606
3.283761
2.623484
2.188498
2.081427
2.327306
2.868528
3.576589
4.282718
4.821715
5.066981
4.960136
4.526664
3.869032
3.140752
2.514186
2.138850
2.103046
2.415143
3.001887
3.723565
4.408693
4.897280
5.659608
5.482598
4.993577
4.307894
3.586506
3.000341
2.688445
2.724232
3.099297
3.725248
4.453428
5.111670
5.545492
5.652389
5.406981
4.867471
4.160895
3.453280
2.912572
2.666835
2.773853
3.208490
3.868157
4.596102
5.220618
5.595053
5.630801
5.319372
4.734556
4.013843
3.326866
2.836835
2.659608
2.836835
3.326866
4.013843
4.734556
5.319372
5.630801
5.595053
5.220618
4.596102
3.868157
3.208490
2.773853
2.666835
2.912572
3.453280
4.160895
4.867471
5.406981
5.652389
5.545492
5.111670
4.453428
3.725248
3.099297
2.724232
2.688445
3.000341
3.586506
4.307894
4.993577
5.482598
5.659564
5.482502
4.993238
4.307245
3.586018
3.000177
2.688393
2.724171
3.099085
3.724691
4.452815
5.111399
5.545417
5.652343
5.406856
4.867058
4.160233
3.452868
2.912447
2.666788
2.773778
3.208219
3.867544
4.595545
5.220405
5.594992
5.630749
5.319208
4.734069
4.013193
3.326527
2.836738
2.659564
2.836738
3.326527
4.013193
4.734069
5.319208
5.630749
5.594992
5.220405
4.595545
3.867544
3.208219
2.773778
2.666788
2.912447
3.452868
4.160233
4.867058
5.406856
5.652343
5.545417
5.111399
4.452815
3.724691
3.099085
2.724171
2.688393
3.000177
3.586018
4.307245
4.993238
5.482502
5.971207
5.794123
5.304755
4.618629
3.897472
3.311769
3.000034
3.035807
3.410657
4.036115
4.764214
5.422945
5.857047
5.963985
5.718464
5.178543
4.471611
3.764353
3.224055
2.978431
3.085408
3.519765
4.178944
4.906969
5.531977
5.906628
5.942389
5.630801
5.045522
4.324577
3.638044
3.148359
2.971207
3.148359
3.638044
4.324577
5.045522
5.630801
5.942389
5.906628
5.531977
4.906969
4.178944
3.519765
3.085408
2.978431
3.224055
3.764353
4.471611
5.178543
5.718464
5.963985
5.857047
5.422945
4.764214
4.036115
3.410657
3.035807
3.000034
3.311769
3.897472
4.618629
5.304755
5.794123
5.971203
5.794115
5.304727
4.618575
3.897431
3.311756
3.000029
3.035802
3.410639
4.036069
4.764163
5.422923
5.857040
5.963981
5.718454
5.178509
4.471556
3.764319
3.224045
2.978427
3.085402
3.519743
4.178893
4.906923
5.531959
5.906623
5.942385
5.630787
5.045482
4.324523
3.638016
3.148351
2.971203
3.148351
3.638016
4.324523
5.045482
5.630787
5.942385
5.906623
5.531959
4.906923
4.178893
3.519743
3.085402
2.978427
3.224045
3.764319
4.471556
5.178509
5.718454
5.963981
5.857040
5.422923
4.764163
4.036069
3.410639
3.035802
3.000029
3.311756
3.897431
4.618575
5.304727
5.794115
5.935445
5.758367
5.269028
4.582939
3.861763
3.276021
2.964272
3.000047
3.374915
4.000415
4.728521
5.387210
5.821288
5.928223
5.682712
5.142825
4.435924
3.728635
3.188303
2.942669
3.049650
3.484030
4.143250
4.871269
5.496235
5.870868
5.906628
5.595053
5.009813
4.288888
3.602318
3.112603
2.935445
3.112603
3.602318
4.288888
5.009813
5.595053
5.906628
5.870868
5.496235
4.871269
4.143250
3.484030
3.049650
2.942669
3.188303
3.728635
4.435924
5.142825
5.682712
5.928223
5.821288
5.387210
4.728521
4.000415
3.374915
3.000047
2.964272
3.276021
3.861763
4.582939
5.269028
5.758367
5.935473
5.758427
5.269240
4.583345
3.862067
3.276124
2.964304
3.000085
3.375047
4.000762
4.728903
5.387379
5.821335
5.928252
5.682790
5.143083
4.436337
3.728893
3.188381
2.942698
3.049697
3.484200
4.143632
4.871616
5.496367
5.870906
5.906660
5.595155
5.010117
4.289293
3.602529
3.112663
2.935473
3.112663
3.602529
4.289293
5.010117
5.595155
5.906660
5.870906
5.496367
4.871616
4.143632
3.484200
3.049697
2.942698
3.188381
3.728893
4.436337
5.143083
5.682790
5.928252
5.821335
5.387379
4.728903
4.000762
3.375047
3.000085
2.964304
3.276124
3.862067
4.583345
5.269240
5.758427
5.560780
5.383802
4.894931
4.209440
3.487952
2.901586
2.589621
2.625414
3.000573
3.626736
4.354951
5.012982
5.446683
5.553562
5.308203
4.768870
4.062449
3.354680
2.813794
2.568008
2.675045
3.109802
3.769680
4.497590
5.121893
5.496235
5.531977
5.220618
4.636002
3.915389
3.228220
2.738039
2.560780
2.738039
3.228220
3.915389
4.636002
5.220618
5.531977
5.496235
5.121893
4.497590
3.769680
3.109802
2.675045
2.568008
2.813794
3.354680
4.062449
4.768870
5.308203
5.553562
5.446683
5.012982
4.354951
3.626736
3.000573
2.625414
2.589621
2.901586
3.487952
4.209440
4.894931
5.383802
5.560873
5.384003
4.895636
4.210790
3.488965
2.901926
2.589728
2.625540
3.001014
3.627893
4.356224
5.013546
5.446840
5.553658
5.308464
4.769728
4.063826
3.355538
2.814055
2.568104
2.675201
3.110366
3.770953
4.498747
5.122334
5.496361
5.532084
5.220958
4.637015
3.916739
3.228925
2.738239
2.560873
2.738239
3.228925
3.916739
4.637015
5.220958
5.532084
5.496361
5.122334
4.498747
3.770953
3.110366
2.675201
2.568104
2.814055
3.355538
4.063826
4.769728
5.308464
5.553658
5.446840
5.013546
4.356224
3.627893
3.001014
2.625540
2.589728
2.901926
3.488965
4.210790
4.895636
5.384003
4.935742
4.758992
4.271184
3.587054
2.864856
2.277071
1.964613
2.000448
2.376270
3.003942
3.732403
4.388937
4.821781
4.928531
4.683520
4.145447
3.440119
2.731257
2.189111
1.942977
2.050142
2.485758
3.147132
3.874796
4.497590
4.871269
4.906969
4.596102
4.012906
3.293002
2.604473
2.113229
1.935742
2.113229
2.604473
3.293002
4.012906
4.596102
4.906969
4.871269
4.497590
3.874796
3.147132
2.485758
2.050142
1.942977
2.189111
2.731257
3.440119
4.145447
4.683520
4.928531
4.821781
4.388937
3.732403
3.003942
2.376270
2.000448
1.964613
2.277071
2.864856
3.587054
4.271184
4.758992
4.935800
4.759118
4.271627
3.587902
2.865492
2.277284
1.964681
2.000527
2.376547
3.004669
3.733203
4.389291
4.821879
4.928591
4.683684
4.145986
3.440984
2.731796
2.189275
1.943037
2.050241
2.486112
3.147932
3.875523
4.497867
4.871348
4.907036
4.596316
4.013542
3.293850
2.604916
2.113355
1.935800
2.113355
2.604916
3.293850
4.013542
4.596316
4.907036
4.871348
4.497867
3.875523
3.147932
2.486112
2.050241
1.943037
2.189275
2.731796
3.440984
4.145986
4.683684
4.928591
4.821879
4.389291
3.733203
3.004669
2.376547
2.000527
1.964681
2.277284
2.865492
3.587902
4.271627
4.759118
4.207711
4.030999
3.543364
2.859456
2.137142
1.549125
1.236588
1.272429
1.648359
2.276278
3.004778
3.661069
4.093772
4.200502
3.955547
3.417680
2.712530
2.003489
1.461138
1.214947
1.322134
1.757889
2.419507
3.147132
3.769680
4.143250
4.178944
3.868157
3.285192
2.565404
1.876653
1.385235
1.207711
1.385235
1.876653
2.565404
3.285192
3.868157
4.178944
4.143250
3.769680
3.147132
2.419507
1.757889
1.322134
1.214947
1.461138
2.003489
2.712530
3.417680
3.955547
4.200502
4.093772
3.661069
3.004778
2.276278
1.648359
1.272429
1.236588
1.549125
2.137142
2.859456
3.543364
4.030999
4.207619
4.030799
3.542664
2.858114
2.136135
1.548787
1.236481
1.272303
1.647921
2.275129
3.003513
3.660509
4.093616
4.200406
3.955288
3.416827
2.711162
2.002637
1.460879
1.214852
1.321978
1.757329
2.418242
3.145983
3.769241
4.143124
4.178837
3.867818
3.284185
2.564063
1.875953
1.385036
1.207619
1.385036
1.875953
2.564063
3.284185
3.867818
4.178837
4.143124
3.769241
3.145983
2.418242
1.757329
1.321978
1.214852
1.460879
2.002637
2.711162
3.416827
3.955288
4.200406
4.093616
3.660509
3.003513
2.275129
1.647921
1.272303
1.236481
1.548787
2.136135
2.858114
3.542664
4.030799
3.548563
3.371625
2.882935
2.197677
1.476067
0.889459
0.577409
0.613209
0.988482
1.614904
2.343160
3.000935
3.434490
3.541346
3.296047
2.756930
2.050696
1.342740
0.801638
0.555792
0.662851
1.097755
1.757889
2.485758
3.109802
3.484030
3.519765
3.208490
2.624118
1.903626
1.216225
0.725861
0.548563
0.725861
1.216225
1.903626
2.624118
3.208490
3.519765
3.484030
3.109802
2.485758
1.757889
1.097755
0.662851
0.555792
0.801638
1.342740
2.050696
2.756930
3.296047
3.541346
3.434490
3.000935
2.343160
1.614904
0.988482
0.613209
0.577409
0.889459
1.476067
2.197677
2.882935
3.371625
3.548491
3.371468
2.882384
2.196620
1.475274
0.889193
0.577326
0.613110
0.988137
1.613998
2.342163
3.000494
3.434367
3.541271
3.295843
2.756258
2.049618
1.342068
0.801434
0.555717
0.662728
1.097314
1.756892
2.484852
3.109457
3.483931
3.519682
3.208224
2.623324
1.902569
1.215673
0.725704
0.548491
0.725704
1.215673
1.902569
2.623324
3.208224
3.519682
3.483931
3.109457
2.484852
1.756892
1.097314
0.662728
0.555717
0.801434
1.342068
2.049618
2.756258
3.295843
3.541271
3.434367
3.000494
2.342163
1.613998
0.988137
0.613110
0.577326
0.889193
1.475274
2.196620
2.882384
3.371468
3.114223
2.937155
2.447862
1.761830
1.040624
0.454822
0.143052
0.178829
0.553724
1.179288
1.907405
2.566031
3.000072
3.107002
2.861505
2.321672
1.614817
0.907482
0.367097
0.121448
0.228434
0.662851
1.322134
2.050142
2.675045
3.049650
3.085408
2.773853
2.188674
1.467779
0.781151
0.291391
0.114223
0.291391
0.781151
1.467779
2.188674
2.773853
3.085408
3.049650
2.675045
2.050142
1.322134
0.662851
0.228434
0.121448
0.367097
0.907482
1.614817
2.321672
2.861505
3.107002
3.000072
2.566031
1.907405
1.179288
0.553724
0.178829
0.143052
0.454822
1.040624
1.761830
2.447862
2.937155
3.114208
2.937122
2.447744
1.761606
1.040455
0.454766
0.143034
0.178808
0.553651
1.179096
1.907193
2.565937
3.000046
3.106986
2.861462
2.321530
1.614588
0.907339
0.367053
0.121432
0.228408
0.662757
1.321922
2.049950
2.674971
3.049629
3.085390
2.773797
2.188506
1.467554
0.781034
0.291358
0.114208
0.291358
0.781034
1.467554
2.188506
2.773797
3.085390
3.049629
2.674971
2.049950
1.321922
0.662757
0.228408
0.121432
0.367053
0.907339
1.614588
2.321530
2.861462
3.106986
3.000046
2.565937
1.907193
1.179096
0.553651
0.178808
0.143034
0.454766
1.040455
1.761606
2.447744
2.937122
3.007249
2.830161
2.340777
1.654630
0.933484
0.347803
0.036075
0.071848
0.446687
1.072123
1.800218
2.458972
2.893086
3.000027
2.754501
2.214561
1.507612
0.800370
0.260092
0.014473
0.121448
0.555792
1.214947
1.942977
2.568008
2.942669
2.978431
2.666835
2.081534
1.360579
0.674067
0.184398
0.007249
0.184398
0.674067
1.360579
2.081534
2.666835
2.978431
2.942669
2.568008
1.942977
1.214947
0.555792
0.121448
0.014473
0.260092
0.800370
1.507612
2.214561
2.754501
3.000027
2.893086
2.458972
1.800218
1.072123
0.446687
0.071848
0.036075
0.347803
0.933484
1.654630
2.340777
2.830161
3.007261
2.830188
2.340869
1.654806
0.933616
0.347848
0.036089
0.071865
0.446745
1.072274
1.800384
2.459045
2.893107
3.000040
2.754535
2.214672
1.507792
0.800482
0.260126
0.014485
0.121468
0.555866
1.215113
1.943128
2.568065
2.942686
2.978445
2.666879
2.081667
1.360755
0.674158
0.184424
0.007261
0.184424
0.674158
1.360755
2.081667
2.666879
2.978445
2.942686
2.568065
1.943128
1.215113
0.555866
0.121468
0.014485
0.260126
0.800482
1.507792
2.214672
2.754535
3.000040
2.893107
2.459045
1.800384
1.072274
0.446745
0.071865
0.036089
0.347848
0.933616
1.654806
2.340869
2.830188
3.252866
3.075831
2.586692
1.900858
1.179549
0.593541
0.281700
0.317482
0.692474
1.318257
2.046409
2.704818
3.138735
3.245646
3.000200
2.460550
1.753853
1.046359
0.505791
0.260092
0.367097
0.801638
1.461138
2.189111
2.813794
3.188303
3.224055
2.912572
2.327599
1.606807
0.919981
0.430068
0.252866
0.430068
0.919981
1.606807
2.327599
2.912572
3.224055
3.188303
2.813794
2.189111
1.461138
0.801638
0.367097
0.260092
0.505791
1.046359
1.753853
2.460550
3.000200
3.245646
3.138735
2.704818
2.046409
1.318257
0.692474
0.317482
0.281700
0.593541
1.179549
1.900858
2.586692
3.075831
3.252932
3.075973
2.587188
1.901809
1.180262
0.593780
0.281775
0.317571
0.692785
1.319072
2.047306
2.705215
3.138846
3.245714
3.000384
2.461154
1.754822
1.046964
0.505975
0.260160
0.367207
0.802035
1.462035
2.189926
2.814105
3.188392
3.224131
2.912812
2.328312
1.607757
0.920477
0.430209
0.252932
0.430209
0.920477
1.607757
2.328312
2.912812
3.224131
3.188392
2.814105
2.189926
1.462035
0.802035
0.367207
0.260160
0.505975
1.046964
1.754822
2.461154
3.000384
3.245714
3.138846
2.705215
2.047306
1.319072
0.692785
0.317571
0.281775
0.593780
1.180262
1.901809
2.587188
3.075973
3.793139
3.616294
3.128042
2.443344
1.721442
1.134249
0.821997
0.857814
1.233360
1.860403
2.588760
3.245919
3.679121
3.785924
3.540768
3.002170
2.296386
1.587979
1.046359
0.800370
0.907482
1.342740
2.003489
2.731257
3.354680
3.728635
3.764353
3.453280
2.869492
2.149293
1.461331
0.970530
0.793139
0.970530
1.461331
2.149293
2.869492
3.453280
3.764353
3.728635
3.354680
2.731257
2.003489
1.342740
0.907482
0.800370
1.046359
1.587979
2.296386
3.002170
3.540768
3.785924
3.679121
3.245919
2.588760
1.860403
1.233360
0.857814
0.821997
1.134249
1.721442
2.443344
3.128042
3.616294
3.793237
3.616507
3.128792
2.444781
1.722520
1.134611
0.822111
0.857949
1.233829
1.861634
2.590116
3.246519
3.679288
3.786027
3.541046
3.003083
2.297851
1.588893
1.046637
0.800472
0.907649
1.343339
2.004845
2.732488
3.355150
3.728770
3.764467
3.453643
2.870571
2.150729
1.462081
0.970743
0.793237
0.970743
1.462081
2.150729
2.870571
3.453643
3.764467
3.728770
3.355150
2.732488
2.004845
1.343339
0.907649
0.800472
1.046637
1.588893
2.297851
3.003083
3.541046
3.786027
3.679288
3.246519
2.590116
1.861634
1.233829
0.857949
0.822111
1.134611
1.722520
2.444781
3.128792
3.616507
4.500375
4.323695
3.836214
3.152501
2.430085
1.841864
1.529256
1.565103
1.941129
2.569265
3.297801
3.953876
4.386455
4.493166
4.248262
3.710576
3.005584
2.296386
1.753853
1.507612
1.614817
2.050696
2.712530
3.440119
4.062449
4.435924
4.471611
4.160895
3.578135
2.858450
2.169503
1.677932
1.500375
1.677932
2.169503
2.858450
3.578135
4.160895
4.471611
4.435924
4.062449
3.440119
2.712530
2.050696
1.614817
1.507612
1.753853
2.296386
3.005584
3.710576
4.248262
4.493166
4.386455
3.953876
3.297801
2.569265
1.941129
1.565103
1.529256
1.841864
2.430085
3.152501
3.836214
4.323695
4.500332
4.323602
3.835887
3.151876
2.429615
1.841706
1.529206
1.565044
1.940924
2.568729
3.297211
3.953614
4.386383
4.493122
4.248141
3.710178
3.004946
2.295988
1.753732
1.507568
1.614744
2.050435
2.711940
3.439583
4.062245
4.435865
4.471562
4.160738
3.577666
2.857824
2.169176
1.677839
1.500332
1.677839
2.169176
2.857824
3.577666
4.160738
4.471562
4.435865
4.062245
3.439583
2.711940
2.050435
1.614744
1.507568
1.753732
2.295988
3.004946
3.710178
4.248141
4.493122
4.386383
3.953614
3.297211
2.568729
1.940924
1.565044
1.529206
1.841706
2.429615
3.151876
3.835887
4.323602
5.207329
5.030484
4.542232
3.857534
3.135632
2.548439
2.236187
2.272004
2.647550
3.274593
4.002950
4.660110
5.093311
5.200115
4.954958
4.416360
3.710576
3.002170
2.460550
2.214561
2.321672
2.756930
3.417680
4.145447
4.768870
5.142825
5.178543
4.867471
4.283682
3.563483
2.875521
2.384720
2.207329
2.384720
2.875521
3.563483
4.283682
4.867471
5.178543
5.142825
4.768870
4.145447
3.417680
2.756930
2.321672
2.214561
2.460550
3.002170
3.710576
4.416360
4.954958
5.200115
5.093311
4.660110
4.002950
3.274593
2.647550
2.272004
2.236187
2.548439
3.135632
3.857534
4.542232
5.030484
5.207231
5.030272
4.541488
3.856108
3.134562
2.548080
2.236074
2.271871
2.647084
3.273371
4.001606
4.659514
5.093145
5.200013
4.954683
4.415453
3.709122
3.001263
2.460274
2.214459
2.321507
2.756335
3.416335
4.144225
4.768404
5.142692
5.178430
4.867111
4.282612
3.562057
2.874777
2.384508
2.207231
2.384508
2.874777
3.562057
4.282612
4.867111
5.178430
5.142692
4.768404
4.144225
3.416335
2.756335
2.321507
2.214459
2.460274
3.001263
3.709122
4.415453
4.954683
5.200013
5.093145
4.659514
4.001606
3.273371
2.647084
2.271871
2.236074
2.548080
3.134562
3.856108
4.541488
5.030272
5.747275
5.570240
5.081101
4.395267
3.673957
3.087950
2.776108
2.811891
3.186883
3.812666
4.540818
5.199227
5.633144
5.740055
5.494609
4.954958
4.248262
3.540768
3.000200
2.754501
2.861505
3.296047
3.955547
4.683520
5.308203
5.682712
5.718464
5.406981
4.822008
4.101216
3.414390
2.924476
2.747275
2.924476
3.414390
4.101216
4.822008
5.406981
5.718464
5.682712
5.308203
4.683520
3.955547
3.296047
2.861505
2.754501
3.000200
3.540768
4.248262
4.954958
5.494609
5.740055
5.633144
5.199227
4.540818
3.812666
3.186883
2.811891
2.776108
3.087950
3.673957
4.395267
5.081101
5.570240
5.747243
5.570169
5.080851
4.394788
3.673598
3.087829
2.776071
2.811846
3.186726
3.812255
4.540366
5.199027
5.633088
5.740021
5.494516
4.954654
4.247773
3.540464
3.000108
2.754467
2.861450
3.295847
3.955095
4.683109
5.308047
5.682667
5.718426
5.406860
4.821648
4.100736
3.414140
2.924405
2.747243
2.924405
3.414140
4.100736
4.821648
5.406860
5.718426
5.682667
5.308047
4.683109
3.955095
3.295847
2.861450
2.754467
3.000108
3.540464
4.247773
4.954654
5.494516
5.740021
5.633088
5.199027
4.540366
3.812255
3.186726
2.811846
2.776071
3.087829
3.673598
4.394788
5.080851
5.570169
5.992803
5.815716
5.326332
4.640184
3.919038
3.333357
3.021629
3.057402
3.432241
4.057677
4.785773
5.444526
5.878641
5.985581
5.740055
5.200115
4.493166
3.785924
3.245646
3.000027
3.107002
3.541346
4.200502
4.928531
5.553562
5.928223
5.963985
5.652389
5.067089
4.346133
3.659621
3.169952
2.992803
3.169952
3.659621
4.346133
5.067089
5.652389
5.963985
5.928223
5.553562
4.928531
4.200502
3.541346
3.107002
3.000027
3.245646
3.785924
4.493166
5.200115
5.740055
5.985581
5.878641
5.444526
4.785773
4.057677
3.432241
3.057402
3.021629
3.333357
3.919038
4.640184
5.326332
5.815716
5.992804
5.815718
5.326341
4.640202
3.919052
3.333362
3.021631
3.057404
3.432247
4.057692
4.785789
5.444534
5.878643
5.985583
5.740059
5.200126
4.493184
3.785936
3.245650
3.000028
3.107004
3.541354
4.200518
4.928546
5.553568
5.928225
5.963987
5.652393
5.067102
4.346151
3.659630
3.169954
2.992804
3.169954
3.659630
4.346151
5.067102
5.652393
5.963987
5.928225
5.553568
4.928546
4.200518
3.541354
3.107004
3.000028
3.245650
3.785936
4.493184
5.200126
5.740059
5.985583
5.878643
5.444534
4.785789
4.057692
3.432247
3.057404
3.021631
3.333362
3.919052
4.640202
5.326341
5.815718
5.885862
5.708794
5.219500
4.533469
3.812262
3.226461
2.914691
2.950467
3.325363
3.950927
4.679043
5.337669
5.771711
5.878641
5.633144
5.093311
4.386455
3.679121
3.138735
2.893086
3.000072
3.434490
4.093772
4.821781
5.446683
5.821288
5.857047
5.545492
4.960313
4.239417
3.552789
3.063030
2.885862
3.063030
3.552789
4.239417
4.960313
5.545492
5.857047
5.821288
5.446683
4.821781
4.093772
3.434490
3.000072
2.893086
3.138735
3.679121
4.386455
5.093311
5.633144
5.878641
5.771711
5.337669
4.679043
3.950927
3.325363
2.950467
2.914691
3.226461
3.812262
4.533469
5.219500
5.708794
5.885900
5.708877
5.219793
4.534030
3.812683
3.226602
2.914735
2.950520
3.325546
3.951407
4.679572
5.337903
5.771776
5.878680
5.633252
5.093667
4.387027
3.679477
3.138843
2.893126
3.000137
3.434724
4.094301
4.822261
5.446866
5.821341
5.857091
5.545633
4.960734
4.239978
3.553082
3.063113
2.885900
3.063113
3.553082
4.239978
4.960734
5.545633
5.857091
5.821341
5.446866
4.822261
4.094301
3.434724
3.000137
2.893126
3.138843
3.679477
4.387027
5.093667
5.633252
5.878680
5.771776
5.337903
4.679572
3.951407
3.325546
2.950520
2.914735
3.226602
3.812683
4.534030
5.219793
5.708877
5.451743
5.274805
4.786115
4.100857
3.379247
2.792639
2.480589
2.516389
2.891662
3.518083
4.246340
4.904115
5.337669
5.444526
5.199227
4.660110
3.953876
3.245919
2.704818
2.458972
2.566031
3.000935
3.661069
4.388937
5.012982
5.387210
5.422945
5.111670
4.527297
3.806806
3.119404
2.629041
2.451743
2.629041
3.119404
3.806806
4.527297
5.111670
5.422945
5.387210
5.012982
4.388937
3.661069
3.000935
2.566031
2.458972
2.704818
3.245919
3.953876
4.660110
5.199227
5.444526
5.337669
4.904115
4.246340
3.518083
2.891662
2.516389
2.480589
2.792639
3.379247
4.100857
4.786115
5.274805
5.451845
5.275025
4.786889
4.102340
3.380360
2.793012
2.480707
2.516528
2.892146
3.519354
4.247739
4.904734
5.337842
5.444632
5.199513
4.661052
3.955388
3.246862
2.705104
2.459077
2.566203
3.001554
3.662468
4.390208
5.013467
5.387349
5.423063
5.112044
4.528410
3.808288
3.120178
2.629261
2.451845
2.629261
3.120178
3.808288
4.528410
5.112044
5.423063
5.387349
5.013467
4.390208
3.662468
3.001554
2.566203
2.459077
2.705104
3.246862
3.955388
4.661052
5.199513
5.444632
5.337842
4.904734
4.247739
3.519354
2.892146
2.516528
2.480707
2.793012
3.380360
4.102340
4.786889
5.275025
4.792982
4.616270
4.128635
3.444727
2.722413
2.134396
1.821859
1.857700
2.233630
2.861549
3.590049
4.246340
4.679043
4.785773
4.540818
4.002950
3.297801
2.588760
2.046409
1.800218
1.907405
2.343160
3.004778
3.732403
4.354951
4.728521
4.764214
4.453428
3.870463
3.150675
2.461924
1.970506
1.792982
1.970506
2.461924
3.150675
3.870463
4.453428
4.764214
4.728521
4.354951
3.732403
3.004778
2.343160
1.907405
1.800218
2.046409
2.588760
3.297801
4.002950
4.540818
4.785773
4.679043
4.246340
3.590049
2.861549
2.233630
1.857700
1.821859
2.134396
2.722413
3.444727
4.128635
4.616270
4.793009
4.616327
4.128835
3.445110
2.722700
2.134493
1.821889
1.857736
2.233756
2.861877
3.590411
4.246500
4.679088
4.785800
4.540892
4.003194
3.298192
2.589004
2.046483
1.800246
1.907449
2.343320
3.005140
3.732732
4.355076
4.728557
4.764245
4.453524
3.870751
3.151059
2.462125
1.970563
1.793009
1.970563
2.462125
3.151059
3.870751
4.453524
4.764245
4.728557
4.355076
3.732732
3.005140
2.343320
1.907449
1.800246
2.046483
2.589004
3.298192
4.003194
4.540892
4.785800
4.679088
4.246500
3.590411
2.861877
2.233756
1.857736
1.821889
2.134493
2.722700
3.445110
4.128835
4.616327
4.064888
3.888138
3.400330
2.716200
1.994001
1.406217
1.093759
1.129594
1.505416
2.133088
2.861549
3.518083
3.950927
4.057677
3.812666
3.274593
2.569265
1.860403
1.318257
1.072123
1.179288
1.614904
2.276278
3.003942
3.626736
4.000415
4.036115
3.725248
3.142052
2.422148
1.733619
1.242374
1.064888
1.242374
1.733619
2.422148
3.142052
3.725248
4.036115
4.000415
3.626736
3.003942
2.276278
1.614904
1.179288
1.072123
1.318257
1.860403
2.569265
3.274593
3.812666
4.057677
3.950927
3.518083
2.861549
2.133088
1.505416
1.129594
1.093759
1.406217
1.994001
2.716200
3.400330
3.888138
4.064785
3.887916
3.399549
2.714703
1.992878
1.405839
1.093641
1.129453
1.504927
2.131806
2.860137
3.517458
3.950753
4.057571
3.812377
3.273641
2.567739
1.859451
1.317968
1.072016
1.179114
1.614279
2.274866
3.002660
3.626247
4.000274
4.035997
3.724871
3.140928
2.420652
1.732838
1.242152
1.064785
1.242152
1.732838
2.420652
3.140928
3.724871
4.035997
4.000274
3.626247
3.002660
2.274866
1.614279
1.179114
1.072016
1.317968
1.859451
2.567739
3.273641
3.812377
4.057571
3.950753
3.517458
2.860137
2.131806
1.504927
1.129453
1.093641
1.405839
1.992878
2.714703
3.399549
3.887916
3.439460
3.262482
2.773611
2.088120
1.366631
0.780266
0.468301
0.504094
0.879253
1.505416
2.233630
2.891662
3.325363
3.432241
3.186883
2.647550
1.941129
1.233360
0.692474
0.446687
0.553724
0.988482
1.648359
2.376270
3.000573
3.374915
3.410657
3.099297
2.514682
1.794069
1.106900
0.616718
0.439460
0.616718
1.106900
1.794069
2.514682
3.099297
3.410657
3.374915
3.000573
2.376270
1.648359
0.988482
0.553724
0.446687
0.692474
1.233360
1.941129
2.647550
3.186883
3.432241
3.325363
2.891662
2.233630
1.505416
0.879253
0.504094
0.468301
0.780266
1.366631
2.088120
2.773611
3.262482
3.439402
3.262357
2.773169
2.087274
1.365996
0.780053
0.468234
0.504014
0.878976
1.504691
2.232832
2.891309
3.325265
3.432181
3.186719
2.647012
1.940266
1.232822
0.692311
0.446627
0.553626
0.988129
1.647561
2.375545
3.000297
3.374835
3.410590
3.099084
2.514047
1.793222
1.106458
0.616593
0.439402
0.616593
1.106458
1.793222
2.514047
3.099084
3.410590
3.374835
3.000297
2.375545
1.647561
0.988129
0.553626
0.446627
0.692311
1.232822
1.940266
2.647012
3.186719
3.432181
3.325265
2.891309
2.232832
1.504691
0.878976
0.504014
0.468234
0.780053
1.365996
2.087274
2.773169
3.262357
3.064624
2.887546
2.398207
1.712118
0.990942
0.405200
0.093451
0.129226
0.504094
1.129594
1.857700
2.516389
2.950467
3.057402
2.811891
2.272004
1.565103
0.857814
0.317482
0.071848
0.178829
0.613209
1.272429
2.000448
2.625414
3.000047
3.035807
2.724232
2.138992
1.418067
0.731497
0.241782
0.064624
0.241782
0.731497
1.418067
2.138992
2.724232
3.035807
3.000047
2.625414
2.000448
1.272429
0.613209
0.178829
0.071848
0.317482
0.857814
1.565103
2.272004
2.811891
3.057402
2.950467
2.516389
1.857700
1.129594
0.504094
0.129226
0.093451
0.405200
0.990942
1.712118
2.398207
2.887546
3.064615
2.887526
2.398138
1.711986
0.990843
0.405167
0.093441
0.129214
0.504050
1.129480
1.857575
2.516334
2.950452
3.057393
2.811865
2.271920
1.564968
0.857730
0.317457
0.071839
0.178813
0.613154
1.272304
2.000334
2.625371
3.000035
3.035797
2.724199
2.138893
1.417935
0.731428
0.241763
0.064615
0.241763
0.731428
1.417935
2.138893
2.724199
3.035797
3.000035
2.625371
2.000334
1.272304
0.613154
0.178813
0.071839
0.317457
0.857730
1.564968
2.271920
2.811865
3.057393
2.950452
2.516334
1.857575
1.129480
0.504050
0.129214
0.093441
0.405167
0.990843
1.711986
2.398138
2.887526
3.028851
2.851767
2.362399
1.676273
0.955116
0.369413
0.057678
0.093451
0.468301
1.093759
1.821859
2.480589
2.914691
3.021629
2.776108
2.236187
1.529256
0.821997
0.281700
0.036075
0.143052
0.577409
1.236588
1.964613
2.589621
2.964272
3.000034
2.688445
2.103166
1.382222
0.695689
0.206003
0.028851
0.206003
0.695689
1.382222
2.103166
2.688445
3.000034
2.964272
2.589621
1.964613
1.236588
0.577409
0.143052
0.036075
0.281700
0.821997
1.529256
2.236187
2.776108
3.021629
2.914691
2.480589
1.821859
1.093759
0.468301
0.093451
0.057678
0.369413
0.955116
1.676273
2.362399
2.851767
3.028870
2.851808
2.362544
1.676551
0.955325
0.369483
0.057700
0.093477
0.468392
1.093998
1.822121
2.480705
2.914723
3.021649
2.776162
2.236364
1.529539
0.822174
0.281753
0.036095
0.143084
0.577526
1.236850
1.964852
2.589712
2.964298
3.000056
2.688515
2.103375
1.382500
0.695834
0.206045
0.028870
0.206045
0.695834
1.382500
2.103375
2.688515
3.000056
2.964298
2.589712
1.964852
1.236850
0.577526
0.143084
0.036095
0.281753
0.822174
1.529539
2.236364
2.776162
3.021649
2.914723
2.480705
1.822121
1.093998
0.468392
0.093477
0.057700
0.369483
0.955325
1.676551
2.362544
2.851808
3.340577
3.163567
2.674546
1.988863
1.267475
0.681309
0.369413
0.405200
0.780266
1.406217
2.134396
2.792639
3.226461
3.333357
3.087950
2.548439
1.841864
1.134249
0.593541
0.347803
0.454822
0.889459
1.549125
2.277071
2.901586
3.276021
3.311769
3.000341
2.415525
1.694812
1.007835
0.517803
0.340577
0.517803
1.007835
1.694812
2.415525
3.000341
3.311769
3.276021
2.901586
2.277071
1.549125
0.889459
0.454822
0.347803
0.593541
1.134249
1.841864
2.548439
3.087950
3.333357
3.226461
2.792639
2.134396
1.406217
0.780266
0.405200
0.369413
0.681309
1.267475
1.988863
2.674546
3.163567
3.340656
3.163739
2.675152
1.990024
1.268346
0.681602
0.369505
0.405309
0.780645
1.407211
2.135491
2.793123
3.226596
3.333440
3.088174
2.549177
1.843048
1.134987
0.593765
0.347886
0.454957
0.889944
1.550221
2.278066
2.901966
3.276130
3.311861
3.000633
2.416396
1.695973
1.008441
0.517976
0.340656
0.517976
1.008441
1.695973
2.416396
3.000633
3.311861
3.276130
2.901966
2.278066
1.550221
0.889944
0.454957
0.347886
0.593765
1.134987
1.843048
2.549177
3.088174
3.333440
3.226596
2.793123
2.135491
1.407211
0.780645
0.405309
0.369505
0.681602
1.268346
1.990024
2.675152
3.163739
3.926251
3.749455
3.261434
2.577031
1.854975
1.267475
0.955116
0.990942
1.366631
1.994001
2.722413
3.379247
3.812262
3.919038
3.673957
3.135632
2.430085
1.721442
1.179549
0.933484
1.040624
1.476067
2.137142
2.864856
3.487952
3.861763
3.897472
3.586506
3.003025
2.282980
1.594723
1.103692
0.926251
1.103692
1.594723
2.282980
3.003025
3.586506
3.897472
3.861763
3.487952
2.864856
2.137142
1.476067
1.040624
0.933484
1.179549
1.721442
2.430085
3.135632
3.673957
3.919038
3.812262
3.379247
2.722413
1.994001
1.366631
0.990942
0.955116
1.267475
1.854975
2.577031
3.261434
3.749455
3.926334
3.749635
3.262066
2.578241
1.855883
1.267780
0.955212
0.991055
1.367027
1.995038
2.723554
3.379752
3.812403
3.919124
3.674191
3.136401
2.431319
1.722211
1.179782
0.933570
1.040764
1.476572
2.138283
2.865892
3.488347
3.861876
3.897568
3.586811
3.003934
2.284190
1.595355
1.103871
0.926334
1.103871
1.595355
2.284190
3.003934
3.586811
3.897568
3.861876
3.488347
2.865892
2.138283
1.476572
1.040764
0.933570
1.179782
1.722211
2.431319
3.136401
3.674191
3.919124
3.812403
3.379752
2.723554
1.995038
1.367027
0.991055
0.955212
1.267780
1.855883
2.578241
3.262066
3.749635
4.647393
4.470705
3.983184
3.299421
2.577031
1.988863
1.676273
1.712118
2.088120
2.716200
3.444727
4.100857
4.533469
4.640184
4.395267
3.857534
3.152501
2.443344
1.900858
1.654630
1.761830
2.197677
2.859456
3.587054
4.209440
4.582939
4.618629
4.307894
3.725082
3.005370
2.316473
1.824941
1.647393
1.824941
2.316473
3.005370
3.725082
4.307894
4.618629
4.582939
4.209440
3.587054
2.859456
2.197677
1.761830
1.654630
1.900858
2.443344
3.152501
3.857534
4.395267
4.640184
4.533469
4.100857
3.444727
2.716200
2.088120
1.712118
1.676273
1.988863
2.577031
3.299421
3.983184
4.470705
4.647322
4.470550
3.982639
3.298377
2.576247
1.988600
1.676190
1.712020
2.087779
2.715305
3.443742
4.100421
4.533347
4.640110
4.395065
3.856870
3.151437
2.442680
1.900656
1.654556
1.761709
2.197241
2.858471
3.586159
4.209099
4.582841
4.618546
4.307631
3.724298
3.004325
2.315928
1.824786
1.647322
1.824786
2.315928
3.004325
3.724298
4.307631
4.618546
4.582841
4.209099
3.586159
2.858471
2.197241
1.761709
1.654556
1.900656
2.442680
3.151437
3.856870
4.395065
4.640110
4.533347
4.100421
3.443742
2.715305
2.087779
1.712020
1.676190
1.988600
2.576247
3.298377
3.982639
4.470550
5.333547
5.156653
4.668174
3.983184
3.261434
2.674546
2.362399
2.398207
2.773611
3.400330
4.128635
4.786115
5.219500
5.326332
5.081101
4.542232
3.836214
3.128042
2.586692
2.340777
2.447862
2.882935
3.543364
4.271184
4.894931
5.269028
5.304755
4.993577
4.409484
3.689133
3.001463
2.510890
2.333547
2.510890
3.001463
3.689133
4.409484
4.993577
5.304755
5.269028
4.894931
4.271184
3.543364
2.882935
2.447862
2.340777
2.586692
3.128042
3.836214
4.542232
5.081101
5.326332
5.219500
4.786115
4.128635
3.400330
2.773611
2.398207
2.362399
2.674546
3.261434
3.983184
4.668174
5.156653
5.333461
5.156466
4.667516
3.981924
3.260488
2.674228
2.362299
2.398089
2.773199
3.399250
4.127446
4.785589
5.219354
5.326242
5.080857
4.541431
3.834929
3.127241
2.586449
2.340688
2.447715
2.882409
3.542175
4.270104
4.894519
5.268910
5.304655
4.993260
4.408538
3.687872
3.000805
2.510702
2.333461
2.510702
3.000805
3.687872
4.408538
4.993260
5.304655
5.268910
4.894519
4.270104
3.542175
2.882409
2.447715
2.340688
2.586449
3.127241
3.834929
4.541431
5.080857
5.326242
5.219354
4.785589
4.127446
3.399250
2.773199
2.398089
2.362299
2.674228
3.260488
3.981924
4.667516
5.156466
5.822936
5.645882
5.156653
4.470705
3.749455
3.163567
2.851767
2.887546
3.262482
3.888138
4.616270
5.274805
5.708794
5.815716
5.570240
5.030484
4.323695
3.616294
3.075831
2.830161
2.937155
3.371625
4.030999
4.758992
5.383802
5.758367
5.794123
5.482598
4.897506
4.176654
3.489943
3.000118
2.822936
3.000118
3.489943
4.176654
4.897506
5.482598
5.794123
5.758367
5.383802
4.758992
4.030999
3.371625
2.937155
2.830161
3.075831
3.616294
4.323695
5.030484
5.570240
5.815716
5.708794
5.274805
4.616270
3.888138
3.262482
2.887546
2.851767
3.163567
3.749455
4.470705
5.156653
5.645882
5.822913
5.645832
5.156477
4.470367
3.749202
3.163482
2.851740
2.887514
3.262372
3.887849
4.615951
5.274663
5.708754
5.815692
5.570175
5.030269
4.323350
3.616079
3.075766
2.830137
2.937116
3.371484
4.030680
4.758703
5.383692
5.758335
5.794096
5.482513
4.897252
4.176316
3.489766
3.000068
2.822913
3.000068
3.489766
4.176316
4.897252
5.482513
5.794096
5.758335
5.383692
4.758703
4.030680
3.371484
2.937116
2.830137
3.075766
3.616079
4.323350
5.030269
5.570175
5.815692
5.708754
5.274663
4.615951
3.887849
3.262372
2.887514
2.851740
3.163482
3.749202
4.470367
5.156477
5.645832
