0.000299
0.000745
0.001047
0.000617
0.002162
0.004695
0.001811
0.003492
0.009431
0.003492
0.001811
0.004695
0.002162
0.000617
0.001047
0.000745
0.000299
0.000745
0.001047
0.000617
0.002162
0.004695
0.001811
0.003492
0.009431
0.003492
0.001811
0.004695
0.002162
0.000617
0.001047
0.000745
0.000745
0.001854
0.002606
0.001532
0.005361
0.011637
0.004487
0.008616
0.023258
0.008616
0.004487
0.011637
0.005361
0.001532
0.002606
0.001854
0.000745
0.001854
0.002606
0.001532
0.005361
0.011637
0.004487
0.008616
0.023258
0.008616
0.004487
0.011637
0.005361
0.001532
0.002606
0.001854
0.001047
0.002606
0.003663
0.002153
0.007536
0.016359
0.006306
0.012111
0.032698
0.012111
0.006306
0.016359
0.007536
0.002153
0.003663
0.002606
0.001047
0.002606
0.003663
0.002153
0.007536
0.016359
0.006306
0.012111
0.032698
0.012111
0.006306
0.016359
0.007536
0.002153
0.003663
0.002606
0.000617
0.001532
0.002153
0.001250
0.004335
0.009386
0.003598
0.006774
0.018266
0.006774
0.003598
0.009386
0.004335
0.001250
0.002153
0.001532
0.000617
0.001532
0.002153
0.001250
0.004335
0.009386
0.003598
0.006774
0.018266
0.006774
0.003598
0.009386
0.004335
0.001250
0.002153
0.001532
0.002162
0.005361
0.007536
0.004335
0.014944
0.032283
0.012333
0.022842
0.061465
0.022842
0.012333
0.032283
0.014944
0.004335
0.007536
0.005361
0.002162
0.005361
0.007536
0.004335
0.014944
0.032283
0.012333
0.022842
0.061465
0.022842
0.012333
0.032283
0.014944
0.004335
0.007536
0.005361
0.004695
0.011637
0.016359
0.009386
0.032283
0.069645
0.026604
0.048965
0.131433
0.048965
0.026604
0.069645
0.032283
0.009386
0.016359
0.011637
0.004695
0.011637
0.016359
0.009386
0.032283
0.069645
0.026604
0.048965
0.131433
0.048965
0.026604
0.069645
0.032283
0.009386
0.016359
0.011637
0.001811
0.004487
0.006306
0.003598
0.012333
0.026604
0.010125
0.018510
0.049793
0.018510
0.010125
0.026604
0.012333
0.003598
0.006306
0.004487
0.001811
0.004487
0.006306
0.003598
0.012333
0.026604
0.010125
0.018510
0.049793
0.018510
0.010125
0.026604
0.012333
0.003598
0.006306
0.004487
0.003492
0.008616
0.012111
0.006774
0.022842
0.048965
0.018510
0.032469
0.086769
0.032469
0.018510
0.048965
0.022842
0.006774
0.012111
0.008616
0.003492
0.008616
0.012111
0.006774
0.022842
0.048965
0.018510
0.032469
0.086769
0.032469
0.018510
0.048965
0.022842
0.006774
0.012111
0.008616
0.009431
0.023258
0.032698
0.018266
0.061465
0.131433
0.049793
0.086769
0.230458
0.086769
0.049793
0.131433
0.061465
0.018266
0.032698
0.023258
0.009431
0.023258
0.032698
0.018266
0.061465
0.131433
0.049793
0.086769
0.230458
0.086769
0.049793
0.131433
0.061465
0.018266
0.032698
0.023258
0.003492
0.008616
0.012111
0.006774
0.022842
0.048965
0.018510
0.032469
0.086769
0.032469
0.018510
0.048965
0.022842
0.006774
0.012111
0.008616
0.003492
0.008616
0.012111
0.006774
0.022842
0.048965
0.018510
0.032469
0.086769
0.032469
0.018510
0.048965
0.022842
0.006774
0.012111
0.008616
0.001811
0.004487
0.006306
0.003598
0.012333
0.026604
0.010125
0.018510
0.049793
0.018510
0.010125
0.026604
0.012333
0.003598
0.006306
0.004487
0.001811
0.004487
0.006306
0.003598
0.012333
0.026604
0.010125
0.018510
0.049793
0.018510
0.010125
0.026604
0.012333
0.003598
0.006306
0.004487
0.004695
0.011637
0.016359
0.009386
0.032283
0.069645
0.026604
0.048965
0.131433
0.048965
0.026604
0.069645
0.032283
0.009386
0.016359
0.011637
0.004695
0.011637
0.016359
0.009386
0.032283
0.069645
0.026604
0.048965
0.131433
0.048965
0.026604
0.069645
0.032283
0.009386
0.016359
0.011637
0.002162
0.005361
0.007536
0.004335
0.014944
0.032283
0.012333
0.022842
0.061465
0.022842
0.012333
0.032283
0.014944
0.004335
0.007536
0.005361
0.002162
0.005361
0.007536
0.004335
0.014944
0.032283
0.012333
0.022842
0.061465
0.022842
0.012333
0.032283
0.014944
0.004335
0.007536
0.005361
0.000617
0.001532
0.002153
0.001250
0.004335
0.009386
0.003598
0.006774
0.018266
0.006774
0.003598
0.009386
0.004335
0.001250
0.002153
0.001532
0.000617
0.001532
0.002153
0.001250
0.004335
0.009386
0.003598
0.006774
0.018266
0.006774
0.003598
0.009386
0.004335
0.001250
0.002153
0.001532
0.001047
0.002606
0.003663
0.002153
0.007536
0.016359
0.006306
0.012111
0.032698
0.012111
0.006306
0.016359
0.007536
0.002153
0.003663
0.002606
0.001047
0.002606
0.003663
0.002153
0.007536
0.016359
0.006306
0.012111
0.032698
0.012111
0.006306
0.016359
0.007536
0.002153
0.003663
0.002606
0.000745
0.001854
0.002606
0.001532
0.005361
0.011637
0.004487
0.008616
0.023258
0.008616
0.004487
0.011637
0.005361
0.001532
0.002606
0.001854
0.000745
0.001854
0.002606
0.001532
0.005361
0.011637
0.004487
0.008616
0.023258
0.008616
0.004487
0.011637
0.005361
0.001532
0.002606
0.001854
0.000299
0.000745
0.001047
0.000617
0.002162
0.004695
0.001811
0.003492
0.009431
0.003492
0.001811
0.004695
0.002162
0.000617
0.001047
0.000745
0.000299
0.000745
0.001047
0.000617
0.002162
0.004695
0.001811
0.003492
0.009431
0.003492
0.001811
0.004695
0.002162
0.000617
0.001047
0.000745
0.000745
0.001854
0.002606
0.001532
0.005361
0.011637
0.004487
0.008616
0.023258
0.008616
0.004487
0.011637
0.005361
0.001532
0.002606
0.001854
0.000745
0.001854
0.002606
0.001532
0.005361
0.011637
0.004487
0.008616
0.023258
0.008616
0.004487
0.011637
0.005361
0.001532
0.002606
0.001854
0.001047
0.002606
0.003663
0.002153
0.007536
0.016359
0.006306
0.012111
0.032698
0.012111
0.006306
0.016359
0.007536
0.002153
0.003663
0.002606
0.001047
0.002606
0.003663
0.002153
0.007536
0.016359
0.006306
0.012111
0.032698
0.012111
0.006306
0.016359
0.007536
0.002153
0.003663
0.002606
0.000617
0.001532
0.002153
0.001250
0.004335
0.009386
0.003598
0.006774
0.018266
0.006774
0.003598
0.009386
0.004335
0.001250
0.002153
0.001532
0.000617
0.001532
0.002153
0.001250
0.004335
0.009386
0.003598
0.006774
0.018266
0.006774
0.003598
0.009386
0.004335
0.001250
0.002153
0.001532
0.002162
0.005361
0.007536
0.004335
0.014944
0.032283
0.012333
0.022842
0.061465
0.022842
0.012333
0.032283
0.014944
0.004335
0.007536
0.005361
0.002162
0.005361
0.007536
0.004335
0.014944
0.032283
0.012333
0.022842
0.061465
0.022842
0.012333
0.032283
0.014944
0.004335
0.007536
0.005361
0.004695
0.011637
0.016359
0.009386
0.032283
0.069645
0.026604
0.048965
0.131433
0.048965
0.026604
0.069645
0.032283
0.009386
0.016359
0.011637
0.004695
0.011637
0.016359
0.009386
0.032283
0.069645
0.026604
0.048965
0.131433
0.048965
0.026604
0.069645
0.032283
0.009386
0.016359
0.011637
0.001811
0.004487
0.006306
0.003598
0.012333
0.026604
0.010125
0.018510
0.049793
0.018510
0.010125
0.026604
0.012333
0.003598
0.006306
0.004487
0.001811
0.004487
0.006306
0.003598
0.012333
0.026604
0.010125
0.018510
0.049793
0.018510
0.010125
0.026604
0.012333
0.003598
0.006306
0.004487
0.003492
0.008616
0.012111
0.006774
0.022842
0.048965
0.018510
0.032469
0.086769
0.032469
0.018510
0.048965
0.022842
0.006774
0.012111
0.008616
0.003492
0.008616
0.012111
0.006774
0.022842
0.048965
0.018510
0.032469
0.086769
0.032469
0.018510
0.048965
0.022842
0.006774
0.012111
0.008616
0.009431
0.023258
0.032698
0.018266
0.061465
0.131433
0.049793
0.086769
0.230458
0.086769
0.049793
0.131433
0.061465
0.018266
0.032698
0.023258
0.009431
0.023258
0.032698
0.018266
0.061465
0.131433
0.049793
0.086769
0.230458
0.086769
0.049793
0.131433
0.061465
0.018266
0.032698
0.023258
0.003492
0.008616
0.012111
0.006774
0.022842
0.048965
0.018510
0.032469
0.086769
0.032469
0.018510
0.048965
0.022842
0.006774
0.012111
0.008616
0.003492
0.008616
0.012111
0.006774
0.022842
0.048965
0.018510
0.032469
0.086769
0.032469
0.018510
0.048965
0.022842
0.006774
0.012111
0.008616
0.001811
0.004487
0.006306
0.003598
0.012333
0.026604
0.010125
0.018510
0.049793
0.018510
0.010125
0.026604
0.012333
0.003598
0.006306
0.004487
0.001811
0.004487
0.006306
0.003598
0.012333
0.026604
0.010125
0.018510
0.049793
0.018510
0.010125
0.026604
0.012333
0.003598
0.006306
0.004487
0.004695
0.011637
0.016359
0.009386
0.032283
0.069645
0.026604
0.048965
0.131433
0.048965
0.026604
0.069645
0.032283
0.009386
0.016359
0.011637
0.004695
0.011637
0.016359
0.009386
0.032283
0.069645
0.026604
0.048965
0.131433
0.048965
0.026604
0.069645
0.032283
0.009386
0.016359
0.011637
0.002162
0.005361
0.007536
0.004335
0.014944
0.032283
0.012333
0.022842
0.061465
0.022842
0.012333
0.032283
0.014944
0.004335
0.01
10.179016
10.196748
10.206600
10.207995
10.210868
10.215006
10.222348
10.224456
10.228211
10.280092
10.284829
10.288217
10.290953
10.321761
10.341866
11.078970
11.126759
11.161702
11.234831
11.240688
11.244055
11.253007
11.257796
11.306023
11.338143
11.352148
11.353216
11.357023
11.359592
11.362971
11.375397
11.402659
11.406073
11.429420
11.444050
11.452423
11.455839
11.464616
11.467574
11.470111
11.471618
11.476312
11.478787
11.488911
11.509677
11.523109
11.528581
11.531341
11.533465
11.552010
11.561682
11.564387
11.565926
11.566494
11.571750
11.574612
11.579778
11.582109
11.584688
11.587446
11.588805
11.606264
11.619182
11.624913
11.636801
11.637187
11.640587
11.643443
11.645546
11.648314
11.663062
11.669786
11.674417
11.682610
11.684047
11.685089
11.689551
11.699134
11.701108
11.723273
11.725765
11.734054
11.745690
11.749285
11.760464
11.761944
11.763603
11.779429
11.783682
11.789603
11.796040
11.797403
11.802394
11.812567
11.812839
11.846055
11.850587
11.858900
11.860482
11.873793
11.877511
11.886169
11.891454
11.902893
11.907875
11.911257
11.938599
11.948658
11.963203
11.965375
11.970451
11.973171
11.989462
12.025065
12.050647
