5	0.500008	0.500008	0.00000010	0.500018	0.500018	0.00000050	0.500098	0.500098	0.000000100	0.500197	0.500197	0.000000200	0.500397	0.500397	0.000000300	0.500596	0.500596	0.000000400	0.500796	0.500796	0.000000500	0.500995	0.500995	0.000000600	0.501194	0.501194	0.000000700	0.501394	0.501394	0.000000800	0.501593	0.501593	0.000000900	0.501792	0.501792	0.0000001000	0.501992	0.501992	0.0000005	0.500008	0.500008	0.000000
10	0.500018	0.500018	0.000000
50	0.500098	0.500098	0.000000
100	0.500197	0.500197	0.000000
200	0.500397	0.500397	0.000000
300	0.500596	0.500596	0.000000
400	0.500796	0.500796	0.000000
500	0.500995	0.500995	0.000000
600	0.501194	0.501194	0.000000
700	0.501394	0.501394	0.000000
800	0.501593	0.501593	0.000000
900	0.501792	0.501792	0.000000
1000	0.501992	0.501992	0.000000
5	0.507961	0.507949	0.000013
10	0.517864	0.517835	0.000029
50	0.595221	0.595070	0.000151
100	0.687682	0.687391	0.000291
200	0.860823	0.860331	0.000492
300	1.021369	1.020826	0.000543
5	0.500798	0.500798	0.000000
10	0.501794	0.501794	0.000000
50	0.509748	0.509746	0.000002
100	0.519641	0.519637	0.000003
200	0.539267	0.539260	0.000006
300	0.558685	0.558676	0.000009
400	0.577903	0.577890	0.000012
500	0.596925	0.596910	0.000015
600	0.615758	0.615740	0.000018
700	0.634408	0.634387	0.000021
800	0.652879	0.652855	0.000024
900	0.671177	0.671150	0.000027
1000	0.689307	0.689277	0.000029
