0	-0.000002
1	1.841463
2	1.840862
3	1.838751
4	1.834967
5	1.838741
6	1.840884
7	1.841540
8	1.840896
9	1.841563
10	1.840926
11	1.841586
12	1.840955
13	1.839234
14	1.836641
15	1.839260
16	1.841006
17	1.841653
18	1.841035
19	1.841676
20	1.840996
21	1.841700
22	1.841098
23	1.841724
24	1.841128
25	1.841747
26	1.841040
27	1.838807
28	1.841050
29	1.838801
30	1.834869
31	1.829162
32	1.834826
33	1.829092
34	1.834782
35	1.838754
36	1.841083
37	1.841905
38	1.841095
39	1.841928
40	1.841107
41	1.838746
42	1.841117
43	1.841976
44	1.841507
45	1.839917
46	1.841534
47	1.842022
48	1.841160
49	1.842045
50	1.841597
51	1.840025
52	1.841625
53	1.840056
54	1.841652
55	1.840087
56	1.837614
57	1.840114
58	1.837642
59	1.834472
60	1.830799
61	1.834490
62	1.837685
63	1.840185
64	1.837713
65	1.840212
66	1.837741
67	1.834572
68	1.830899
69	1.834590
70	1.830916
71	1.834609
72	1.830934
73	1.826928
74	1.830948
75	1.834642
76	1.830965
77	1.826957
78	1.830979
79	1.834676
80	1.830997
81	1.826987
82	1.831010
83	1.826999
84	1.831024
85	1.827012
86	1.822815
87	1.818551
88	1.822819
89	1.818555
90	1.822824
91	1.827032
92	1.831062
93	1.834770
94	1.831080
95	1.834789
96	1.838004
97	1.834813
98	1.831122
99	1.827103
100	1.822900
101	1.827112
102	1.831146
103	1.827125
104	1.822920
105	1.818651
106	1.822925
107	1.818655
108	1.814414
109	1.818657
110	1.822933
111	1.818662
112	1.822938
113	1.827156
114	1.822946
115	1.818674
116	1.814431
117	1.810288
118	1.806297
119	1.810286
120	1.814428
121	1.818674
122	1.814430
123	1.810287
124	1.814430
125	1.810287
126	1.814429
127	1.810286
128	1.814429
129	1.810286
130	1.814429
131	1.818676
132	1.814431
133	1.818679
134	1.822963
135	1.827194
136	1.831256
137	1.827208
138	1.831271
139	1.827221
140	1.831285
141	1.827235
142	1.831300
143	1.835056
144	1.831319
145	1.835076
146	1.838353
147	1.835101
148	1.831363
149	1.827309
150	1.831378
151	1.835137
152	1.838418
153	1.841025
154	1.838448
155	1.835193
156	1.831454
157	1.835214
158	1.838495
159	1.835239
160	1.838520
161	1.841128
162	1.838550
163	1.841157
164	1.838581
165	1.835327
166	1.831586
167	1.827529
168	1.831602
169	1.835364
170	1.831622
171	1.827563
172	1.831637
173	1.835402
174	1.831657
175	1.827596
176	1.823361
177	1.827607
178	1.831685
179	1.835454
180	1.831705
181	1.827641
182	1.823404
183	1.819109
184	1.814849
185	1.810691
186	1.806688
187	1.810691
188	1.814850
189	1.810692
190	1.814851
191	1.810694
192	1.814853
193	1.819118
194	1.814856
195	1.819122
196	1.814860
197	1.819126
198	1.823433
199	1.819133
200	1.823440
201	1.827699
202	1.823450
203	1.827710
204	1.831808
205	1.835603
206	1.831828
207	1.835625
208	1.831849
209	1.835646
210	1.831870
211	1.835668
212	1.831891
213	1.827805
214	1.823552
215	1.819247
216	1.814979
217	1.819252
218	1.823565
219	1.819259
220	1.823573
221	1.819266
222	1.814997
223	1.810834
224	1.806827
225	1.810835
226	1.815000
227	1.819274
228	1.823591
229	1.819281
230	1.823599
231	1.819289
232	1.823607
233	1.827882
234	1.831999
235	1.835821
236	1.832021
237	1.827918
238	1.832038
239	1.827934
240	1.823669
241	1.827946
242	1.832068
243	1.835895
244	1.832090
245	1.835918
246	1.832111
247	1.835940
248	1.832133
249	1.835963
250	1.839333
251	1.842051
252	1.843907
253	1.844678
254	1.844147
255	1.844708
256	1.844165
257	1.842120
258	1.838417
259	1.842115
260	1.838390
261	1.842109
262	1.838362
263	1.842103
264	1.838334
265	1.832811
266	1.825520
267	1.816535
268	1.825397
269	1.816381
270	1.825272
271	1.832551
272	1.838134
273	1.842019
274	1.838103
275	1.832430
276	1.824993
277	1.832348
278	1.838011
279	1.841974
280	1.837978
281	1.841964
282	1.844316
283	1.845165
284	1.844686
285	1.845193
286	1.844722
287	1.845221
288	1.844757
289	1.845249
290	1.844793
291	1.845277
292	1.844409
293	1.842000
294	1.844422
295	1.841995
296	1.844434
297	1.841990
298	1.837860
299	1.841978
300	1.837824
301	1.841965
302	1.844465
303	1.841959
304	1.837764
305	1.831807
306	1.824097
307	1.831718
308	1.837659
309	1.831642
310	1.837610
311	1.841877
312	1.844498
313	1.845591
314	1.844512
315	1.841869
316	1.837529
317	1.831426
318	1.823576
319	1.831333
320	1.823453
321	1.813932
322	1.823313
323	1.813761
324	1.823172
325	1.831026
326	1.823046
327	1.830929
328	1.837146
329	1.841663
330	1.837103
331	1.830779
332	1.837047
333	1.841616
334	1.837003
335	1.841596
336	1.844529
337	1.845908
338	1.845893
339	1.845934
340	1.844555
341	1.845959
342	1.844565
343	1.845983
344	1.846002
345	1.844815
346	1.842631
347	1.839661
348	1.836105
349	1.832144
350	1.827933
351	1.823602
352	1.819254
353	1.823613
354	1.819265
355	1.814982
356	1.810825
357	1.806838
358	1.810830
359	1.806842
360	1.810835
361	1.814998
362	1.810841
363	1.815004
364	1.819296
365	1.823658
366	1.828011
367	1.832253
368	1.828030
369	1.823690
370	1.828045
371	1.823705
372	1.819352
373	1.815066
374	1.810907
375	1.806919
376	1.803130
377	1.806923
378	1.803134
379	1.799562
380	1.796215
381	1.799566
382	1.796219
383	1.799570
384	1.803146
385	1.799574
386	1.796228
387	1.799578
388	1.796233
389	1.799583
390	1.796237
391	1.799587
392	1.796242
393	1.799591
394	1.803166
395	1.806957
396	1.810949
397	1.806963
398	1.810955
399	1.806969
400	1.803183
401	1.806975
402	1.803189
403	1.799620
404	1.796277
405	1.793161
406	1.796282
407	1.799629
408	1.803202
409	1.806993
410	1.810984
411	1.806999
412	1.803215
413	1.799648
414	1.803220
415	1.799653
416	1.803225
417	1.799659
418	1.796318
419	1.799664
420	1.796324
421	1.799669
422	1.803240
423	1.807029
424	1.811020
425	1.815186
426	1.819487
427	1.823868
428	1.819500
429	1.815208
430	1.819510
431	1.815218
432	1.811060
433	1.815227
434	1.811069
435	1.815236
436	1.819539
437	1.823922
438	1.819551
439	1.815259
440	1.811100
441	1.815267
442	1.811109
443	1.815276
444	1.819581
445	1.815287
446	1.819592
447	1.815297
448	1.811138
449	1.807154
450	1.803372
451	1.807161
452	1.803379
453	1.807168
454	1.803387
455	1.807175
456	1.803394
457	1.799830
458	1.803401
459	1.807189
460	1.803408
461	1.807196
462	1.811188
463	1.807205
464	1.803424
465	1.807212
466	1.803432
467	1.799869
468	1.796532
469	1.799876
470	1.796540
471	1.799883
472	1.796547
473	1.793438
474	1.796554
475	1.793445
476	1.796561
477	1.799904
478	1.803472
479	1.807259
480	1.811249
481	1.815418
482	1.811259
483	1.807278
484	1.803499
485	1.807286
486	1.811276
487	1.815445
488	1.819755
489	1.815458
490	1.819768
491	1.824165
492	1.819782
493	1.815484
494	1.811325
495	1.807343
496	1.803565
497	1.800005
498	1.803573
499	1.807360
500	1.803582
501	1.807369
502	1.803591
503	1.800032
504	1.796699
505	1.800040
506	1.803607
507	1.807394
508	1.811384
509	1.815554
510	1.819867
511	1.824269
512	1.828689
513	1.833033
514	1.828711
515	1.833056
516	1.837208
517	1.841023
518	1.844332
519	1.846943
520	1.844374
521	1.841104
522	1.844411
523	1.847019
524	1.848720
525	1.847063
526	1.844501
527	1.847103
528	1.844543
529	1.847142
530	1.848832
531	1.847186
532	1.844633
533	1.847226
534	1.848908
535	1.849463
536	1.848949
537	1.847318
538	1.848988
539	1.849529
540	1.849029
541	1.849562
542	1.849071
543	1.849594
544	1.849112
545	1.849627
546	1.849153
547	1.847556
548	1.849192
549	1.849692
550	1.848852
551	1.846493
552	1.842483
553	1.846483
554	1.842449
555	1.836694
556	1.842403
557	1.836620
558	1.829123
559	1.820000
560	1.828988
561	1.836430
562	1.828868
563	1.836339
564	1.828747
565	1.836248
566	1.828625
567	1.836156
568	1.828502
569	1.836063
570	1.828379
571	1.819085
572	1.828238
573	1.818915
574	1.808163
575	1.818727
576	1.807946
577	1.818537
578	1.807728
579	1.818346
580	1.807509
581	1.795496
582	1.807276
583	1.795239
584	1.807041
585	1.794982
586	1.782036
587	1.794713
588	1.781751
589	1.794443
590	1.781466
591	1.794173
592	1.806064
593	1.816880
594	1.826395
595	1.816696
596	1.805628
597	1.816495
598	1.805399
599	1.816293
600	1.825900
601	1.834037
602	1.840579
603	1.845473
604	1.848735
605	1.845453
606	1.848737
607	1.850470
608	1.850789
609	1.849868
610	1.850826
611	1.850523
612	1.848774
613	1.845428
614	1.840392
615	1.833643
616	1.840321
617	1.845355
618	1.848756
619	1.845332
620	1.848755
621	1.845309
622	1.848753
623	1.845285
624	1.840124
625	1.833253
626	1.840049
627	1.833148
628	1.824600
629	1.833027
630	1.824447
631	1.814361
632	1.802970
633	1.790528
634	1.777309
635	1.790245
636	1.777013
637	1.789961
638	1.776715
639	1.789677
640	1.801926
641	1.789401
642	1.776127
643	1.789115
644	1.775827
645	1.788828
646	1.801135
647	1.812494
648	1.822665
649	1.831456
650	1.838709
651	1.844342
652	1.848340
653	1.850752
654	1.851691
655	1.850770
656	1.848337
657	1.844267
658	1.838499
659	1.844218
660	1.848302
661	1.850798
662	1.848295
663	1.844153
664	1.838311
665	1.844101
666	1.838232
667	1.830678
668	1.821534
669	1.810958
670	1.799170
671	1.786428
672	1.773000
673	1.786133
674	1.772693
675	1.785839
676	1.798349
677	1.809977
678	1.798089
679	1.785272
680	1.771795
681	1.757913
682	1.771484
683	1.784675
684	1.771174
685	1.784377
686	1.770864
687	1.784078
688	1.770554
689	1.756644
690	1.742562
691	1.756328
692	1.742243
693	1.728142
694	1.741930
695	1.727828
696	1.713792
697	1.727525
698	1.713487
699	1.727222
700	1.713181
701	1.726918
702	1.740708
703	1.754480
704	1.740387
705	1.726280
706	1.712226
707	1.725976
708	1.739770
709	1.725661
710	1.711598
711	1.725356
712	1.739152
713	1.725040
714	1.738838
715	1.752618
716	1.766262
717	1.752295
718	1.738189
719	1.751975
720	1.737867
721	1.751655
722	1.765315
723	1.778678
724	1.791544
725	1.803686
726	1.791262
727	1.778075
728	1.790970
729	1.803152
730	1.814385
731	1.824448
732	1.814172
733	1.802662
734	1.813943
735	1.802408
736	1.789884
737	1.776624
738	1.762869
739	1.776310
740	1.789288
741	1.801583
742	1.788998
743	1.775695
744	1.761910
745	1.747848
746	1.761586
747	1.775063
748	1.788094
749	1.800464
750	1.811945
751	1.800200
752	1.787519
753	1.799925
754	1.787224
755	1.799648
756	1.811201
757	1.799382
758	1.810958
759	1.799115
760	1.810713
761	1.798846
762	1.786070
763	1.772629
764	1.758746
765	1.772307
766	1.785455
767	1.797986
768	1.809678
769	1.797713
770	1.784863
771	1.771368
772	1.757446
773	1.743273
774	1.728966
775	1.714572
776	1.700065
777	1.685337
778	1.699746
779	1.684998
780	1.669838
781	1.654016
782	1.637225
783	1.619117
784	1.636878
785	1.653374
786	1.668932
787	1.653010
788	1.668604
789	1.683532
790	1.668252
791	1.683209
792	1.697723
793	1.711972
794	1.697383
795	1.711647
796	1.697041
797	1.711320
798	1.696699
799	1.681763
800	1.696373
801	1.710681
802	1.724809
803	1.710339
804	1.695667
805	1.680651
806	1.695338
807	1.709696
808	1.723852
809	1.709351
810	1.723519
811	1.737544
812	1.751424
813	1.737200
814	1.722820
815	1.708275
816	1.693482
817	1.678281
818	1.693147
819	1.707624
820	1.721854
821	1.735917
822	1.749822
823	1.763517
824	1.776892
825	1.763182
826	1.776568
827	1.762846
828	1.748788
829	1.734505
830	1.720040
831	1.705364
832	1.690369
833	1.674877
834	1.658642
835	1.641364
836	1.622700
837	1.602285
838	1.579746
839	1.554723
840	1.579328
841	1.554237
842	1.578909
843	1.553750
844	1.525761
845	1.494676
846	1.525360
847	1.494214
848	1.459774
849	1.493848
850	1.524640
851	1.493387
852	1.458828
853	1.420871
854	1.379543
855	1.335003
856	1.287547
857	1.334996
858	1.379411
859	1.420524
860	1.379155
861	1.420298
862	1.378902
863	1.334290
864	1.378778
865	1.334153
866	1.286614
867	1.334153
868	1.286613
869	1.236632
870	1.286752
871	1.334284
872	1.286752
873	1.236778
874	1.184996
875	1.237067
876	1.185300
877	1.237357
878	1.185605
879	1.237648
880	1.185911
881	1.133153
882	1.080320
883	1.133738
884	1.186918
885	1.134197
886	1.187361
887	1.134657
888	1.081860
889	1.030045
890	0.980381
891	0.934090
892	0.981280
893	0.934957
894	0.893214
895	0.857222
896	0.828035
897	0.806540
898	0.793409
899	0.807172
900	0.793874
901	0.807808
902	0.830397
903	0.808451
904	0.831184
905	0.861784
906	0.899253
907	0.862639
908	0.900193
909	0.863495
910	0.833469
911	0.864387
912	0.834249
913	0.811680
914	0.835049
915	0.812340
916	0.835851
917	0.813003
918	0.836656
919	0.868062
920	0.906199
921	0.949885
922	0.907090
923	0.950830
924	0.998821
925	0.951700
926	0.908809
927	0.952646
928	0.909703
929	0.953593
930	1.001681
931	1.052658
932	1.002489
933	0.955252
934	0.912179
935	0.874466
936	0.843216
937	0.819375
938	0.803690
939	0.820065
940	0.804218
941	0.797018
942	0.804733
943	0.821451
944	0.846581
945	0.879269
946	0.918456
947	0.880152
948	0.919416
949	0.881036
950	0.848975
951	0.824206
952	0.807502
953	0.824917
954	0.808054
955	0.825632
956	0.851540
957	0.826347
958	0.809178
959	0.827069
960	0.853258
961	0.886862
962	0.854090
963	0.887797
964	0.854924
965	0.829217
966	0.811480
967	0.829950
968	0.812056
969	0.830687
970	0.812636
971	0.803102
972	0.813207
973	0.832171
974	0.859326
975	0.893757
976	0.860172
977	0.833641
978	0.861046
979	0.834386
980	0.861921
981	0.896676
982	0.937530
983	0.983238
984	1.032489
985	1.083977
986	1.136454
987	1.188783
988	1.137001
989	1.189315
990	1.240484
991	1.289688
992	1.336287
993	1.289787
994	1.336385
995	1.289886
996	1.240931
997	1.190171
998	1.138425
999	1.190706
