0	0.000000
1	0.920729
2	1.336950
3	1.485684
4	1.433315
5	1.529957
6	1.625464
7	1.724056
8	1.784493
9	1.798655
10	1.825934
11	1.819906
12	1.801577
13	1.785787
14	1.785793
15	1.778890
16	1.784132
17	1.803850
18	1.799230
19	1.814092
20	1.807769
21	1.795611
22	1.784275
23	1.775597
24	1.776083
25	1.785526
26	1.801734
27	1.803001
28	1.812562
29	1.813745
30	1.815592
31	1.721969
32	1.762167
33	1.799606
34	1.811438
35	1.817821
36	1.824996
37	1.818923
38	1.806113
39	1.792926
40	1.796408
41	1.790806
42	1.798886
43	1.805301
44	1.730912
45	1.766257
46	1.796918
47	1.805850
48	1.811825
49	1.725482
50	1.390523
51	1.032711
52	0.979921
53	1.124827
54	1.017412
55	0.907046
56	0.946505
57	0.906880
58	1.014628
59	0.955036
60	1.002076
61	0.981129
62	0.997535
63	1.024787
64	1.021153
65	1.091930
66	1.074919
67	1.191605
68	1.131811
69	1.217586
70	1.197225
71	1.200663
72	1.381799
73	1.580060
74	1.515692
75	1.626572
76	1.453376
77	1.555357
78	1.320426
79	1.433878
80	1.172793
81	1.300118
82	1.041077
83	0.858222
84	0.824495
85	1.071038
86	0.888029
87	1.054440
88	0.854076
89	0.808523
90	0.748381
91	0.968929
92	0.808589
93	0.964223
94	0.795673
95	0.931418
96	0.774309
97	0.817011
98	0.732319
99	0.918142
