0	0.000000
1	1.841458
2	1.505941
3	1.830626
4	1.497006
5	1.829303
6	1.486143
7	1.828702
8	1.478588
9	1.828288
10	1.473711
11	1.828007
12	1.470643
13	1.827822
14	1.468741
15	1.827706
16	1.467572
17	1.827633
18	1.466856
19	1.827588
20	1.466420
21	1.827560
22	1.466155
23	1.827543
24	1.465993
25	1.827533
26	1.465895
27	1.827527
28	1.465835
29	1.827523
30	1.465799
31	1.827521
32	1.465777
33	1.827519
34	1.465764
35	1.827519
36	1.465756
37	1.827518
38	1.465751
39	1.827518
40	1.465748
41	1.827518
42	1.465746
43	1.827518
44	1.465745
45	1.827517
46	1.465745
47	1.827517
48	1.465744
49	1.827517
50	1.465744
51	1.827517
52	1.465744
53	1.827517
54	1.465744
55	1.827517
56	1.465744
57	1.827517
58	1.465744
59	1.827517
60	1.465744
61	1.827517
62	1.465744
63	1.827517
64	1.465744
65	1.827517
66	1.465744
67	1.827517
68	1.465744
69	1.827517
70	1.465744
71	1.827517
72	1.465744
73	1.827517
74	1.465744
75	1.827517
76	1.465744
77	1.827517
78	1.465744
79	1.827517
80	1.465744
81	1.827517
82	1.465744
83	1.827517
84	1.465744
85	1.827517
86	1.465744
87	1.827517
88	1.465744
89	1.827517
90	1.465744
91	1.827517
92	1.465744
93	1.827517
94	1.465744
95	1.827517
96	1.465744
97	1.827517
98	1.465744
99	1.827517
