0	-0.000002
1	0.276217
2	0.509731
3	0.703902
4	0.862325
5	1.003222
6	1.127385
7	1.234643
8	1.325222
9	1.402841
10	1.468255
11	1.522024
12	1.565574
13	1.600634
14	1.632390
15	1.661550
16	1.688238
17	1.709056
18	1.728658
19	1.746002
20	1.760132
21	1.770283
22	1.780814
23	1.787901
24	1.795834
25	1.803243
26	1.807748
27	1.806783
28	1.799182
29	1.799080
30	1.792149
31	1.792667
32	1.786211
33	1.787171
34	1.793154
35	1.800987
36	1.807856
37	1.812203
38	1.817450
39	1.821704
40	1.822309
41	1.825805
42	1.825600
43	1.828562
44	1.831643
45	1.833695
46	1.836083
47	1.837460
48	1.835098
49	1.827014
50	1.825881
51	1.818706
52	1.818459
53	1.822134
54	1.821078
55	1.813745
56	1.800324
57	1.795582
58	1.784348
59	1.781476
60	1.771811
61	1.770289
62	1.761743
63	1.761195
64	1.753440
65	1.753597
66	1.746391
67	1.732344
68	1.710340
69	1.677333
70	1.662997
71	1.660515
72	1.647775
73	1.647005
74	1.654043
75	1.651547
76	1.657360
77	1.653538
78	1.658491
79	1.669640
80	1.685592
81	1.704951
82	1.715069
83	1.729560
84	1.746315
85	1.762768
86	1.776704
87	1.788622
88	1.798775
89	1.807399
90	1.812189
91	1.811185
92	1.803584
93	1.803339
94	1.808080
95	1.815063
96	1.821671
97	1.826577
98	1.827424
99	1.822476
100	1.811013
101	1.807908
102	1.810698
103	1.816716
104	1.823261
105	1.828261
106	1.830722
107	1.830599
108	1.832780
109	1.836481
110	1.837879
111	1.840885
112	1.843938
113	1.844816
114	1.847263
115	1.849065
116	1.849007
117	1.850607
118	1.852175
119	1.851441
120	1.852824
121	1.854016
122	1.854961
123	1.855892
124	1.855377
125	1.852934
126	1.852930
127	1.854220
128	1.854117
129	1.855251
130	1.855084
131	1.853048
132	1.853272
133	1.851606
134	1.852102
135	1.853530
136	1.854020
137	1.855149
138	1.855199
139	1.856119
140	1.855795
141	1.851928
142	1.842182
143	1.823987
144	1.793984
145	1.747935
146	1.727474
147	1.723578
148	1.729877
149	1.723793
150	1.702017
151	1.698425
152	1.678065
153	1.637002
154	1.623946
155	1.588540
156	1.580860
157	1.549499
158	1.545803
159	1.559724
160	1.583787
161	1.589885
162	1.607915
163	1.632399
164	1.659714
165	1.687264
166	1.705548
167	1.712894
168	1.726416
169	1.742868
170	1.750947
171	1.748597
172	1.754766
173	1.750240
174	1.731939
175	1.729281
176	1.711862
177	1.675631
178	1.664351
179	1.668845
180	1.682633
181	1.701370
182	1.722011
183	1.742197
184	1.760105
185	1.774597
186	1.787592
187	1.797490
188	1.802292
189	1.809652
190	1.811949
191	1.806857
192	1.791503
193	1.762022
194	1.713856
195	1.693948
196	1.692274
197	1.673042
198	1.632094
199	1.566537
200	1.477277
201	1.433579
202	1.425427
203	1.441685
204	1.429717
205	1.443309
206	1.472533
207	1.477108
208	1.453999
209	1.402250
210	1.325508
211	1.292148
212	1.294330
213	1.321643
214	1.364166
215	1.378468
216	1.410583
217	1.452267
218	1.497866
219	1.543812
220	1.587782
221	1.619313
222	1.651350
223	1.672339
224	1.680521
225	1.673106
226	1.679627
227	1.694186
228	1.712847
229	1.721181
230	1.716827
231	1.696281
232	1.655323
233	1.590705
234	1.563739
235	1.562764
236	1.537458
237	1.485468
238	1.470024
239	1.426211
240	1.356039
241	1.267288
242	1.220814
243	1.213173
244	1.235778
245	1.224144
246	1.181683
247	1.117482
248	1.091064
249	1.100289
250	1.075797
251	1.027295
252	0.969477
253	0.937623
254	0.893699
255	0.854446
256	0.823574
257	0.815458
258	0.836870
259	0.826993
260	0.846835
261	0.835726
262	0.808802
263	0.783136
264	0.773225
265	0.752651
266	0.746218
267	0.729524
268	0.720771
269	0.707971
270	0.706713
271	0.726784
272	0.721444
273	0.708366
274	0.704968
275	0.721976
276	0.762833
277	0.824622
278	0.847625
279	0.839001
280	0.812473
281	0.785902
282	0.766843
283	0.767581
284	0.793396
285	0.842738
286	0.909596
287	0.939238
288	0.989657
289	1.052988
290	1.084596
291	1.132283
292	1.188429
293	1.247260
294	1.304970
295	1.345823
296	1.388370
297	1.429943
298	1.469042
299	1.504927
300	1.537322
301	1.562814
302	1.586408
303	1.607858
304	1.624572
305	1.640201
306	1.654532
307	1.667493
308	1.679097
309	1.689407
310	1.698514
311	1.705870
312	1.712474
313	1.717693
314	1.721605
315	1.725409
316	1.728106
317	1.730889
318	1.732705
319	1.734750
320	1.736877
321	1.738247
322	1.738833
323	1.738559
324	1.739033
325	1.739978
326	1.740171
327	1.740891
328	1.740877
329	1.741435
330	1.741267
331	1.740268
332	1.738262
333	1.734983
334	1.730025
335	1.727815
336	1.723711
337	1.717116
338	1.707129
339	1.692405
340	1.670988
341	1.640179
342	1.596599
343	1.536806
344	1.458782
345	1.364171
346	1.260165
347	1.193803
348	1.163483
349	1.163112
350	1.135209
351	1.137004
352	1.110859
353	1.061350
354	1.044652
355	1.056115
356	1.088588
357	1.091325
358	1.065919
359	1.070019
360	1.096710
361	1.094058
362	1.115224
363	1.152660
364	1.163088
365	1.191710
366	1.194308
367	1.170641
368	1.174459
369	1.198057
370	1.234280
371	1.277350
372	1.323052
373	1.351764
374	1.362195
375	1.383943
376	1.388110
377	1.372732
378	1.377094
379	1.394309
380	1.393920
381	1.373986
382	1.375096
383	1.390182
384	1.387275
385	1.364551
386	1.321095
387	1.306482
388	1.312970
389	1.333563
390	1.334304
391	1.350331
392	1.375802
393	1.384192
394	1.403478
395	1.406267
396	1.390830
397	1.394055
398	1.378661
399	1.382223
400	1.398327
401	1.421965
402	1.449489
403	1.478392
404	1.496690
405	1.517940
406	1.540226
407	1.562314
408	1.583449
409	1.598691
410	1.614095
411	1.624364
412	1.635632
413	1.642281
414	1.650566
415	1.654571
416	1.660707
417	1.667982
418	1.675737
419	1.683536
420	1.691104
421	1.698273
422	1.703507
423	1.706820
424	1.710646
425	1.712721
426	1.712911
427	1.714477
428	1.714176
429	1.715377
430	1.717521
431	1.720219
432	1.723199
433	1.724929
434	1.727111
435	1.728135
436	1.727908
437	1.726249
438	1.726146
439	1.724540
440	1.724529
441	1.722946
442	1.723005
443	1.721423
444	1.717869
445	1.716827
446	1.713650
447	1.713004
448	1.710077
449	1.709720
450	1.706950
451	1.701212
452	1.699380
453	1.700115
454	1.698088
455	1.698743
456	1.701102
457	1.701014
458	1.702811
459	1.705769
460	1.706617
461	1.705081
462	1.705795
463	1.704059
464	1.704680
465	1.702777
466	1.697827
467	1.696614
468	1.692126
469	1.691419
470	1.693157
471	1.696410
472	1.700538
473	1.705102
474	1.709806
475	1.712839
476	1.714134
477	1.716374
478	1.719164
479	1.722234
480	1.725395
481	1.727435
482	1.729740
483	1.732155
484	1.733674
485	1.735436
486	1.737311
487	1.738463
488	1.738868
489	1.739719
490	1.740846
491	1.741331
492	1.741128
493	1.740152
494	1.740035
495	1.739102
496	1.737209
497	1.734133
498	1.732826
499	1.732728
500	1.733435
501	1.734658
502	1.736192
503	1.737888
504	1.738869
505	1.740110
506	1.741491
507	1.742928
508	1.744360
509	1.745750
510	1.747070
511	1.748305
512	1.749448
513	1.750310
514	1.750906
515	1.751534
516	1.752165
517	1.752587
518	1.752799
519	1.753108
520	1.753475
521	1.753665
522	1.753670
523	1.753476
524	1.753485
525	1.753636
526	1.753878
527	1.754179
528	1.754324
529	1.754544
530	1.754810
531	1.754943
532	1.755138
533	1.755371
534	1.755490
535	1.755493
536	1.755582
537	1.755555
538	1.755623
539	1.755575
540	1.755627
541	1.755746
542	1.755909
543	1.756098
544	1.756300
545	1.756423
546	1.756467
547	1.756558
548	1.756679
549	1.756817
550	1.756893
551	1.756994
552	1.757037
553	1.757019
554	1.757051
555	1.757022
556	1.756927
557	1.756908
558	1.756819
559	1.756650
560	1.756588
561	1.756440
562	1.756193
563	1.756089
564	1.755877
565	1.755806
566	1.755835
567	1.755755
568	1.755554
569	1.755214
570	1.754709
571	1.754470
572	1.754045
573	1.753397
574	1.753100
575	1.753050
576	1.752770
577	1.752741
578	1.752472
579	1.751929
580	1.751745
581	1.751812
582	1.751608
583	1.751099
584	1.750233
585	1.749881
586	1.749888
587	1.749537
588	1.748775
589	1.748538
590	1.747858
591	1.746656
592	1.744813
593	1.743979
594	1.743843
595	1.743061
596	1.741518
597	1.740990
598	1.739633
599	1.739289
600	1.739628
601	1.740414
602	1.740502
603	1.741091
604	1.740991
605	1.740119
606	1.738334
607	1.735423
608	1.734197
609	1.731712
610	1.730892
611	1.728701
612	1.728176
613	1.728757
614	1.730050
615	1.730218
616	1.729125
617	1.729299
618	1.730302
619	1.730158
620	1.730921
621	1.732261
622	1.733945
623	1.735809
624	1.736886
625	1.738250
626	1.739766
627	1.741342
628	1.742344
629	1.742761
630	1.743498
631	1.744432
632	1.744865
633	1.744767
634	1.744079
635	1.744028
636	1.743359
637	1.741969
638	1.739700
639	1.736317
640	1.734740
641	1.734400
642	1.734889
643	1.735918
644	1.737276
645	1.738817
646	1.740436
647	1.741448
648	1.741838
649	1.741558
650	1.741860
651	1.742544
652	1.743469
653	1.744531
654	1.745656
655	1.746793
656	1.747906
657	1.748973
658	1.749737
659	1.750511
660	1.751023
661	1.751273
662	1.751249
663	1.751436
664	1.751762
665	1.751842
666	1.752083
667	1.752084
668	1.752264
669	1.752562
670	1.752644
671	1.752495
672	1.752560
673	1.752390
674	1.751956
675	1.751218
676	1.750916
677	1.750276
678	1.750070
679	1.750165
680	1.749927
681	1.749315
682	1.749156
683	1.748597
684	1.748495
685	1.747969
686	1.747909
687	1.747404
688	1.746385
689	1.744747
690	1.742333
691	1.741189
692	1.740925
693	1.739873
694	1.737881
695	1.737164
696	1.737314
697	1.736554
698	1.736694
699	1.737429
700	1.737331
701	1.737887
702	1.737610
703	1.738037
704	1.738921
705	1.739060
706	1.738373
707	1.736726
708	1.733901
709	1.732770
710	1.730332
711	1.726260
712	1.724589
713	1.724530
714	1.722895
715	1.722919
716	1.724024
717	1.725806
718	1.726332
719	1.725461
720	1.725891
721	1.724890
722	1.725252
723	1.724142
724	1.721281
725	1.716228
726	1.708307
727	1.696513
728	1.691075
729	1.689836
730	1.691303
731	1.694448
732	1.694912
733	1.697277
734	1.696993
735	1.698799
736	1.701890
737	1.705712
738	1.709888
739	1.712345
740	1.712972
741	1.711531
742	1.712062
743	1.710461
744	1.710926
745	1.712714
746	1.712599
747	1.713949
748	1.713397
749	1.714435
750	1.713549
751	1.710390
752	1.704394
753	1.694693
754	1.690594
755	1.690188
756	1.686273
757	1.686144
758	1.688430
759	1.692185
760	1.696764
761	1.701728
762	1.706787
763	1.711748
764	1.716491
765	1.720944
766	1.724227
767	1.727456
768	1.729679
769	1.730892
770	1.732515
771	1.734367
772	1.736319
773	1.737528
774	1.737973
775	1.738861
776	1.740023
777	1.740527
778	1.740326
779	1.739333
780	1.739211
781	1.738253
782	1.736309
783	1.735652
784	1.735873
785	1.736674
786	1.737844
787	1.738258
788	1.737854
789	1.736515
790	1.736253
791	1.734995
792	1.732544
793	1.728595
794	1.722689
795	1.719946
796	1.714966
797	1.707067
798	1.695237
799	1.689805
800	1.688601
801	1.690121
802	1.688452
803	1.682927
804	1.672490
805	1.668807
806	1.669504
807	1.672941
808	1.672549
809	1.675177
810	1.673965
811	1.676014
812	1.674172
813	1.667614
814	1.666530
815	1.668936
816	1.673470
817	1.679206
818	1.685519
819	1.691998
820	1.698374
821	1.702758
822	1.707390
823	1.710249
824	1.711242
825	1.710145
826	1.706560
827	1.699849
828	1.697419
829	1.691541
830	1.689952
831	1.684635
832	1.683663
833	1.678709
834	1.668737
835	1.665446
836	1.656665
837	1.640838
838	1.615778
839	1.605052
840	1.583964
841	1.549813
842	1.499659
843	1.476499
844	1.472027
845	1.451224
846	1.449128
847	1.459193
848	1.454362
849	1.432422
850	1.430137
851	1.409973
852	1.409564
853	1.390613
854	1.351222
855	1.339315
856	1.346597
857	1.333494
858	1.340106
859	1.359534
860	1.360531
861	1.341352
862	1.343510
863	1.324999
864	1.328039
865	1.345427
866	1.371550
867	1.380865
868	1.400478
869	1.425980
870	1.437493
871	1.456433
872	1.462011
873	1.476235
874	1.477444
875	1.488286
876	1.504875
877	1.524482
878	1.545264
879	1.558039
880	1.573211
881	1.589343
882	1.605504
883	1.616291
884	1.621391
885	1.620087
886	1.623976
887	1.621393
888	1.611050
889	1.591113
890	1.584232
891	1.566869
892	1.562516
893	1.546930
894	1.517931
895	1.473235
896	1.453787
897	1.451940
898	1.461686
899	1.478539
900	1.482962
901	1.473429
902	1.448050
903	1.442346
904	1.449857
905	1.442268
906	1.448523
907	1.463565
908	1.465181
909	1.451805
910	1.453882
911	1.440553
912	1.410154
913	1.361460
914	1.341627
915	1.342603
916	1.357655
917	1.354596
918	1.332320
919	1.331731
920	1.311407
921	1.312660
922	1.328676
923	1.325767
924	1.338511
925	1.332584
926	1.307229
927	1.262304
928	1.246650
929	1.210110
930	1.154686
931	1.086413
932	1.016409
933	0.969369
934	0.950768
935	0.913961
936	0.903974
937	0.919350
938	0.908682
939	0.923378
940	0.912316
941	0.882455
942	0.878032
943	0.897860
944	0.891482
945	0.865845
946	0.864889
947	0.887504
948	0.883793
949	0.860600
950	0.861658
951	0.842542
952	0.847089
953	0.874179
954	0.874662
955	0.855144
956	0.827678
957	0.807127
958	0.787307
959	0.772664
960	0.758490
961	0.748063
962	0.738090
963	0.742823
964	0.734330
965	0.727822
966	0.736964
967	0.729658
968	0.737403
969	0.768421
970	0.768762
971	0.792957
972	0.788116
973	0.807356
974	0.798939
975	0.814570
976	0.803743
977	0.784097
978	0.777113
979	0.761481
980	0.757219
981	0.774830
982	0.817854
983	0.883324
984	0.907121
985	0.897359
986	0.916549
987	0.962061
988	0.968650
989	1.003567
990	1.059906
991	1.129283
992	1.204131
993	1.278758
994	1.349421
995	1.400964
996	1.431212
997	1.436996
998	1.459933
999	1.492290
