0	0.000000
1	1.841458
2	1.505941
3	1.674887
4	1.678384
5	1.828333
6	1.762372
7	1.794724
8	1.760175
9	1.754187
10	1.757998
11	1.747438
12	1.308696
13	1.746848
14	1.339307
15	1.839739
16	1.847995
17	1.774490
18	1.723495
19	1.655516
20	1.809831
21	1.810201
22	1.741675
23	1.658446
24	1.667718
25	1.494509
26	1.644376
27	1.815497
28	1.644384
29	1.644390
30	1.821610
31	1.821597
32	1.821602
33	1.615648
34	1.718634
35	1.615670
36	1.687694
37	1.648194
38	1.724997
39	1.559653
40	1.485394
41	1.690146
42	1.708293
43	1.682843
44	1.730647
45	1.708616
46	1.703088
47	1.802698
48	1.771459
49	1.649207
50	1.518721
51	1.524283
52	1.828645
53	1.465774
54	1.529840
55	1.523513
56	1.526715
57	1.523544
58	1.637054
59	1.756307
60	1.763464
61	1.757537
62	1.763711
63	1.760860
64	1.689112
65	1.474282
66	1.388733
67	1.131994
68	1.838286
69	1.194975
70	1.530676
71	1.436212
72	1.421502
73	1.571452
74	-0.918064
75	1.690738
76	1.684432
77	1.689788
78	1.672943
79	1.807686
80	1.670219
81	1.489811
82	1.737919
83	1.640400
84	1.667744
85	1.815368
86	1.792758
87	1.836497
88	1.805902
89	1.668793
90	1.706475
91	1.619213
92	1.719528
93	1.739891
94	1.787263
95	1.867987
96	1.690516
97	1.798482
98	1.794607
99	2.515507
