0	0.000000
1	1.841458
2	1.505941
3	1.674887
4	1.678384
5	1.750387
6	1.750865
7	1.752668
8	1.753126
9	1.759096
10	1.758462
11	1.753320
12	1.763826
13	1.761232
14	1.754745
15	1.757810
16	1.757102
17	1.755747
18	1.753332
19	1.717281
20	1.618078
21	1.619799
22	1.683085
23	1.733257
24	1.566256
25	1.031945
26	1.757954
27	1.719810
28	1.718921
29	1.733434
30	1.594436
31	1.617834
32	1.713568
33	1.723319
34	1.788382
35	1.709005
36	1.752323
37	1.880088
38	1.576386
39	1.805539
40	1.792366
41	1.826444
42	1.790051
43	1.278749
44	1.547394
45	0.984378
46	1.618022
47	1.251189
48	1.420997
49	1.654968
50	1.766928
51	1.657873
52	1.357662
53	1.731072
54	1.524287
55	-0.596722
56	1.953861
57	1.607520
58	1.542401
59	1.494656
60	1.384118
61	1.415385
62	1.370210
63	1.172330
64	1.224118
65	1.178774
66	1.764597
67	1.277582
68	1.810147
69	1.552462
70	1.561113
71	1.563424
72	1.716494
73	1.737655
74	1.746760
75	1.702958
76	1.524988
77	1.747516
78	1.759070
79	1.734853
80	1.759737
81	1.762099
82	1.747661
83	1.783554
84	1.513215
85	1.829065
86	1.302611
87	1.037969
88	1.200765
89	1.113426
90	1.179269
91	-0.318333
92	0.515837
93	1.411979
94	1.242885
95	1.765255
96	1.748257
97	1.334081
98	1.358920
99	-0.561809
