-5.000000	0.000000	
-4.960784	0.000000	
-4.921568	0.000000	
-4.882353	0.000000	
-4.843137	0.000000	
-4.803922	0.000000	
-4.764706	0.000000	
-4.725490	0.000000	
-4.686275	0.000000	
-4.647059	0.000000	
-4.607843	0.000000	
-4.568627	0.000000	
-4.529412	0.000000	
-4.490196	0.000000	
-4.450980	0.000000	
-4.411765	0.000000	
-4.372549	0.000000	
-4.333333	0.000000	
-4.294117	0.000000	
-4.254902	0.000000	
-4.215686	0.000001	
-4.176471	0.000001	
-4.137255	0.000001	
-4.098039	0.000001	
-4.058824	0.000002	
-4.019608	0.000002	
-3.980392	0.000003	
-3.941176	0.000004	
-3.901961	0.000005	
-3.862745	0.000007	
-3.823529	0.000009	
-3.784314	0.000012	
-3.745098	0.000016	
-3.705882	0.000021	
-3.666667	0.000027	
-3.627451	0.000035	
-3.588235	0.000045	
-3.549020	0.000057	
-3.509804	0.000073	
-3.470588	0.000092	
-3.431373	0.000117	
-3.392157	0.000147	
-3.352941	0.000185	
-3.313725	0.000231	
-3.274510	0.000288	
-3.235294	0.000358	
-3.196078	0.000443	
-3.156863	0.000547	
-3.117647	0.000673	
-3.078431	0.000824	
-3.039216	0.001007	
-3.000000	0.001225	
-2.960784	0.001485	
-2.921569	0.001795	
-2.882353	0.002161	
-2.843137	0.002592	
-2.803921	0.003099	
-2.764706	0.003690	
-2.725490	0.004379	
-2.686275	0.005178	
-2.647059	0.006099	
-2.607843	0.007158	
-2.568627	0.008369	
-2.529412	0.009748	
-2.490196	0.011313	
-2.450980	0.013080	
-2.411765	0.015065	
-2.372549	0.017288	
-2.333333	0.019763	
-2.294117	0.022509	
-2.254902	0.025540	
-2.215686	0.028873	
-2.176471	0.032519	
-2.137255	0.036492	
-2.098039	0.040800	
-2.058823	0.045453	
-2.019608	0.050454	
-1.980392	0.055808	
-1.941176	0.061514	
-1.901961	0.067568	
-1.862745	0.073966	
-1.823529	0.080697	
-1.784314	0.087751	
-1.745098	0.095111	
-1.705882	0.102761	
-1.666667	0.110680	
-1.627451	0.118846	
-1.588235	0.127233	
-1.549020	0.135814	
-1.509804	0.144563	
-1.470588	0.153450	
-1.431372	0.162444	
-1.392157	0.171515	
-1.352941	0.180632	
-1.313725	0.189766	
-1.274510	0.198885	
-1.235294	0.207962	
-1.196078	0.216967	
-1.156862	0.225874	
-1.117647	0.234658	
-1.078431	0.243293	
-1.039216	0.251758	
-1.000000	0.260031	
-0.960784	0.268093	
-0.921568	0.275927	
-0.882353	0.283517	
-0.843137	0.290848	
-0.803921	0.297907	
-0.764706	0.304682	
-0.725490	0.311163	
-0.686275	0.317342	
-0.647058	0.323209	
-0.607843	0.328759	
-0.568627	0.333984	
-0.529412	0.338880	
-0.490196	0.343441	
-0.450980	0.347665	
-0.411765	0.351547	
-0.372549	0.355084	
-0.333333	0.358274	
-0.294117	0.361114	
-0.254902	0.363603	
-0.215686	0.365740	
-0.176470	0.367522	
-0.137255	0.368949	
-0.098039	0.370020	
-0.058824	0.370734	
-0.019608	0.371091	
0.019608	0.371091	
0.058824	0.370734	
0.098040	0.370020	
0.137255	0.368949	
0.176471	0.367522	
0.215686	0.365740	
0.254902	0.363603	
0.294118	0.361114	
0.333333	0.358274	
0.372549	0.355084	
0.411765	0.351547	
0.450981	0.347665	
0.490196	0.343441	
0.529412	0.338880	
0.568628	0.333984	
0.607843	0.328758	
0.647059	0.323209	
0.686275	0.317342	
0.725491	0.311163	
0.764706	0.304682	
0.803922	0.297906	
0.843137	0.290848	
0.882353	0.283517	
0.921569	0.275927	
0.960784	0.268093	
1.000000	0.260031	
1.039216	0.251757	
1.078432	0.243293	
1.117647	0.234658	
1.156863	0.225874	
1.196079	0.216967	
1.235294	0.207962	
1.274510	0.198885	
1.313726	0.189766	
1.352942	0.180632	
1.392157	0.171515	
1.431373	0.162444	
1.470589	0.153449	
1.509804	0.144563	
1.549020	0.135814	
1.588235	0.127232	
1.627451	0.118845	
1.666667	0.110680	
1.705883	0.102761	
1.745098	0.095111	
1.784314	0.087751	
1.823530	0.080697	
1.862745	0.073966	
1.901961	0.067568	
1.941177	0.061514	
1.980392	0.055808	
2.019608	0.050454	
2.058824	0.045453	
2.098040	0.040800	
2.137255	0.036492	
2.176471	0.032519	
2.215686	0.028873	
2.254902	0.025540	
2.294118	0.022509	
2.333333	0.019763	
2.372549	0.017288	
2.411765	0.015065	
2.450981	0.013080	
2.490196	0.011313	
2.529412	0.009748	
2.568628	0.008369	
2.607843	0.007158	
2.647059	0.006099	
2.686275	0.005178	
2.725491	0.004379	
2.764706	0.003690	
2.803922	0.003099	
2.843138	0.002592	
2.882353	0.002161	
2.921569	0.001795	
2.960784	0.001485	
3.000000	0.001225	
3.039216	0.001007	
3.078432	0.000824	
3.117647	0.000673	
3.156863	0.000547	
3.196078	0.000443	
3.235294	0.000358	
3.274510	0.000288	
3.313725	0.000231	
3.352942	0.000185	
3.392158	0.000147	
3.431373	0.000117	
3.470589	0.000092	
3.509804	0.000073	
3.549020	0.000057	
3.588236	0.000045	
3.627451	0.000035	
3.666667	0.000027	
3.705883	0.000021	
3.745098	0.000016	
3.784314	0.000012	
3.823530	0.000009	
3.862745	0.000007	
3.901961	0.000005	
3.941176	0.000004	
3.980392	0.000003	
4.019608	0.000002	
4.058824	0.000002	
4.098040	0.000001	
4.137256	0.000001	
4.176471	0.000001	
4.215687	0.000001	
4.254902	0.000000	
4.294118	0.000000	
4.333334	0.000000	
4.372549	0.000000	
4.411765	0.000000	
4.450981	0.000000	
4.490196	0.000000	
4.529412	0.000000	
4.568627	0.000000	
4.607843	0.000000	
4.647059	0.000000	
4.686275	0.000000	
4.725491	0.000000	
4.764707	0.000000	
4.803922	0.000000	
4.843138	0.000000	
4.882353	0.000000	
4.921569	0.000000	
4.960785	0.000000	
5.000000	0.000000	
