100000	6.8948523586e-01	6.8948082338e-01	4.4124783335e-06
200000	8.6248391981e-01	8.6247399345e-01	9.9263556066e-06
100000	6.8948522943e-01	6.8948078357e-01	4.4458597997e-06
200000	8.6248391111e-01	8.6247392468e-01	9.9864331870e-06
300000	1.0229193080e+00	1.0228990938e+00	2.0214154218e-05
400000	1.1734806386e+00	1.1734662548e+00	1.4383851929e-05
500000	1.3160603279e+00	1.3160443265e+00	1.6001390410e-05
600000	1.4520309319e+00	1.4520137098e+00	1.7222111032e-05
700000	1.5824172856e+00	1.5824117619e+00	5.5236930001e-06
800000	1.7080049435e+00	1.7080071762e+00	-2.2326482090e-06
900000	1.8294101257e+00	1.8294146328e+00	-4.5070635121e-06
