-5.000000	0.000000	
-4.960784	0.000000	
-4.921568	0.000000	
-4.882353	0.000000	
-4.843137	0.000000	
-4.803922	0.000000	
-4.764706	0.000000	
-4.725490	0.000000	
-4.686275	0.000000	
-4.647059	0.000000	
-4.607843	0.000000	
-4.568627	0.000000	
-4.529412	0.000000	
-4.490196	0.000000	
-4.450980	0.000000	
-4.411765	0.000000	
-4.372549	0.000000	
-4.333333	0.000000	
-4.294117	0.000000	
-4.254902	0.000000	
-4.215686	0.000000	
-4.176471	0.000000	
-4.137255	0.000000	
-4.098039	0.000000	
-4.058824	0.000001	
-4.019608	0.000001	
-3.980392	0.000001	
-3.941176	0.000001	
-3.901961	0.000002	
-3.862745	0.000002	
-3.823529	0.000003	
-3.784314	0.000004	
-3.745098	0.000005	
-3.705882	0.000007	
-3.666667	0.000009	
-3.627451	0.000011	
-3.588235	0.000015	
-3.549020	0.000019	
-3.509804	0.000025	
-3.470588	0.000032	
-3.431373	0.000041	
-3.392157	0.000052	
-3.352941	0.000066	
-3.313725	0.000084	
-3.274510	0.000106	
-3.235294	0.000133	
-3.196078	0.000168	
-3.156863	0.000210	
-3.117647	0.000262	
-3.078431	0.000326	
-3.039216	0.000404	
-3.000000	0.000499	
-2.960784	0.000614	
-2.921569	0.000753	
-2.882353	0.000920	
-2.843137	0.001122	
-2.803921	0.001362	
-2.764706	0.001648	
-2.725490	0.001987	
-2.686275	0.002388	
-2.647059	0.002859	
-2.607843	0.003412	
-2.568627	0.004057	
-2.529412	0.004808	
-2.490196	0.005678	
-2.450980	0.006681	
-2.411765	0.007834	
-2.372549	0.009154	
-2.333333	0.010659	
-2.294117	0.012368	
-2.254902	0.014300	
-2.215686	0.016475	
-2.176471	0.018914	
-2.137255	0.021639	
-2.098039	0.024668	
-2.058823	0.028023	
-2.019608	0.031723	
-1.980392	0.035785	
-1.941176	0.040228	
-1.901961	0.045065	
-1.862745	0.050311	
-1.823529	0.055974	
-1.784314	0.062064	
-1.745098	0.068584	
-1.705882	0.075536	
-1.666667	0.082918	
-1.627451	0.090723	
-1.588235	0.098942	
-1.549020	0.107562	
-1.509804	0.116566	
-1.470588	0.125932	
-1.431372	0.135636	
-1.392157	0.145652	
-1.352941	0.155948	
-1.313725	0.166491	
-1.274510	0.177246	
-1.235294	0.188176	
-1.196078	0.199241	
-1.156862	0.210401	
-1.117647	0.221616	
-1.078431	0.232845	
-1.039216	0.244045	
-1.000000	0.255177	
-0.960784	0.266199	
-0.921568	0.277074	
-0.882353	0.287763	
-0.843137	0.298229	
-0.803921	0.308437	
-0.764706	0.318355	
-0.725490	0.327952	
-0.686275	0.337197	
-0.647058	0.346064	
-0.607843	0.354526	
-0.568627	0.362562	
-0.529412	0.370149	
-0.490196	0.377269	
-0.450980	0.383902	
-0.411765	0.390034	
-0.372549	0.395651	
-0.333333	0.400739	
-0.294117	0.405288	
-0.254902	0.409288	
-0.215686	0.412731	
-0.176470	0.415610	
-0.137255	0.417921	
-0.098039	0.419657	
-0.058824	0.420816	
-0.019608	0.421397	
0.019608	0.421397	
0.058824	0.420816	
0.098040	0.419657	
0.137255	0.417921	
0.176471	0.415610	
0.215686	0.412731	
0.254902	0.409288	
0.294118	0.405288	
0.333333	0.400739	
0.372549	0.395651	
0.411765	0.390034	
0.450981	0.383902	
0.490196	0.377269	
0.529412	0.370149	
0.568628	0.362562	
0.607843	0.354526	
0.647059	0.346063	
0.686275	0.337197	
0.725491	0.327952	
0.764706	0.318355	
0.803922	0.308437	
0.843137	0.298229	
0.882353	0.287762	
0.921569	0.277074	
0.960784	0.266199	
1.000000	0.255177	
1.039216	0.244045	
1.078432	0.232844	
1.117647	0.221616	
1.156863	0.210401	
1.196079	0.199241	
1.235294	0.188176	
1.274510	0.177246	
1.313726	0.166491	
1.352942	0.155947	
1.392157	0.145652	
1.431373	0.135636	
1.470589	0.125931	
1.509804	0.116565	
1.549020	0.107562	
1.588235	0.098942	
1.627451	0.090723	
1.666667	0.082918	
1.705883	0.075536	
1.745098	0.068584	
1.784314	0.062064	
1.823530	0.055974	
1.862745	0.050311	
1.901961	0.045065	
1.941177	0.040228	
1.980392	0.035785	
2.019608	0.031722	
2.058824	0.028023	
2.098040	0.024668	
2.137255	0.021639	
2.176471	0.018914	
2.215686	0.016475	
2.254902	0.014300	
2.294118	0.012368	
2.333333	0.010659	
2.372549	0.009154	
2.411765	0.007834	
2.450981	0.006681	
2.490196	0.005678	
2.529412	0.004808	
2.568628	0.004057	
2.607843	0.003412	
2.647059	0.002859	
2.686275	0.002388	
2.725491	0.001987	
2.764706	0.001648	
2.803922	0.001362	
2.843138	0.001122	
2.882353	0.000920	
2.921569	0.000753	
2.960784	0.000614	
3.000000	0.000499	
3.039216	0.000404	
3.078432	0.000326	
3.117647	0.000262	
3.156863	0.000210	
3.196078	0.000168	
3.235294	0.000133	
3.274510	0.000106	
3.313725	0.000084	
3.352942	0.000066	
3.392158	0.000052	
3.431373	0.000041	
3.470589	0.000032	
3.509804	0.000025	
3.549020	0.000019	
3.588236	0.000015	
3.627451	0.000011	
3.666667	0.000009	
3.705883	0.000007	
3.745098	0.000005	
3.784314	0.000004	
3.823530	0.000003	
3.862745	0.000002	
3.901961	0.000002	
3.941176	0.000001	
3.980392	0.000001	
4.019608	0.000001	
4.058824	0.000001	
4.098040	0.000000	
4.137256	0.000000	
4.176471	0.000000	
4.215687	0.000000	
4.254902	0.000000	
4.294118	0.000000	
4.333334	0.000000	
4.372549	0.000000	
4.411765	0.000000	
4.450981	0.000000	
4.490196	0.000000	
4.529412	0.000000	
4.568627	0.000000	
4.607843	0.000000	
4.647059	0.000000	
4.686275	0.000000	
4.725491	0.000000	
4.764707	0.000000	
4.803922	0.000000	
4.843138	0.000000	
4.882353	0.000000	
4.921569	0.000000	
4.960785	0.000000	
5.000000	0.000000	
