-5.000000	0.000000
-4.960784	0.000000
-4.921568	0.000000
-4.882353	0.000000
-4.843137	0.000000
-4.803922	0.000000
-4.764706	0.000000
-4.725490	0.000000
-4.686275	0.000000
-4.647059	0.000000
-4.607843	0.000000
-4.568627	0.000000
-4.529412	0.000000
-4.490196	0.000000
-4.450980	0.000000
-4.411765	0.000000
-4.372549	0.000000
-4.333333	0.000000
-4.294117	0.000000
-4.254902	0.000000
-4.215686	0.000000
-4.176471	0.000000
-4.137255	0.000000
-4.098039	0.000000
-4.058824	0.000000
-4.019608	0.000000
-3.980392	0.000000
-3.941176	0.000000
-3.901961	0.000000
-3.862745	0.000000
-3.823529	0.000000
-3.784314	0.000000
-3.745098	0.000000
-3.705882	0.000000
-3.666667	0.000000
-3.627451	0.000000
-3.588235	0.000000
-3.549020	0.000001
-3.509804	0.000001
-3.470588	0.000001
-3.431373	0.000001
-3.392157	0.000000
-3.352941	0.000000
-3.313725	0.000000
-3.274510	0.000000
-3.235294	0.000000
-3.196078	0.000000
-3.156863	0.000000
-3.117647	0.000000
-3.078431	0.000000
-3.039216	0.000000
-3.000000	0.000000
-2.960784	0.000000
-2.921569	0.000000
-2.882353	0.000001
-2.843137	0.000001
-2.803921	0.000002
-2.764706	0.000004
-2.725490	0.000006
-2.686275	0.000007
-2.647059	0.000009
-2.607843	0.000010
-2.568627	0.000012
-2.529412	0.000013
-2.490196	0.000014
-2.450980	0.000015
-2.411765	0.000017
-2.372549	0.000019
-2.333333	0.000023
-2.294117	0.000029
-2.254902	0.000038
-2.215686	0.000051
-2.176471	0.000070
-2.137255	0.000096
-2.098039	0.000130
-2.058823	0.000176
-2.019608	0.000234
-1.980392	0.000307
-1.941176	0.000396
-1.901961	0.000504
-1.862745	0.000631
-1.823529	0.000781
-1.784314	0.000958
-1.745098	0.001168
-1.705882	0.001417
-1.666667	0.001718
-1.627451	0.002084
-1.588235	0.002534
-1.549020	0.003090
-1.509804	0.003783
-1.470588	0.004647
-1.431372	0.005724
-1.392157	0.007061
-1.352941	0.008714
-1.313725	0.010744
-1.274510	0.013218
-1.235294	0.016211
-1.196078	0.019805
-1.156862	0.024092
-1.117647	0.029175
-1.078431	0.035175
-1.039216	0.042232
-1.000000	0.050516
-0.960784	0.060230
-0.921568	0.071619
-0.882353	0.084977
-0.843137	0.100648
-0.803921	0.119029
-0.764706	0.140564
-0.725490	0.165734
-0.686275	0.195039
-0.647058	0.228966
-0.607843	0.267952
-0.568627	0.312333
-0.529412	0.362291
-0.490196	0.417787
-0.450980	0.478503
-0.411765	0.543789
-0.372549	0.612630
-0.333333	0.683633
-0.294117	0.755043
-0.254902	0.824804
-0.215686	0.890649
-0.176470	0.950217
-0.137255	1.001205
-0.098039	1.041521
-0.058824	1.069435
-0.019608	1.083714
0.019608	1.083714
0.058824	1.069435
0.098040	1.041520
0.137255	1.001205
0.176471	0.950217
0.215686	0.890649
0.254902	0.824804
0.294118	0.755042
0.333333	0.683632
0.372549	0.612630
0.411765	0.543788
0.450981	0.478502
0.490196	0.417787
0.529412	0.362291
0.568628	0.312333
0.607843	0.267951
0.647059	0.228966
0.686275	0.195039
0.725491	0.165734
0.764706	0.140563
0.803922	0.119029
0.843137	0.100648
0.882353	0.084977
0.921569	0.071619
0.960784	0.060230
1.000000	0.050516
1.039216	0.042232
1.078432	0.035175
1.117647	0.029175
1.156863	0.024092
1.196079	0.019805
1.235294	0.016211
1.274510	0.013218
1.313726	0.010744
1.352942	0.008714
1.392157	0.007061
1.431373	0.005724
1.470589	0.004647
1.509804	0.003783
1.549020	0.003090
1.588235	0.002534
1.627451	0.002084
1.666667	0.001718
1.705883	0.001417
1.745098	0.001168
1.784314	0.000958
1.823530	0.000781
1.862745	0.000631
1.901961	0.000504
1.941177	0.000396
1.980392	0.000307
2.019608	0.000234
2.058824	0.000176
2.098040	0.000130
2.137255	0.000096
2.176471	0.000070
2.215686	0.000051
2.254902	0.000038
2.294118	0.000029
2.333333	0.000023
2.372549	0.000019
2.411765	0.000017
2.450981	0.000015
2.490196	0.000014
2.529412	0.000013
2.568628	0.000012
2.607843	0.000010
2.647059	0.000009
2.686275	0.000007
2.725491	0.000006
2.764706	0.000004
2.803922	0.000002
2.843138	0.000001
2.882353	0.000001
2.921569	0.000000
2.960784	0.000000
3.000000	0.000000
3.039216	0.000000
3.078432	0.000000
3.117647	0.000000
3.156863	0.000000
3.196078	0.000000
3.235294	0.000000
3.274510	0.000000
3.313725	0.000000
3.352942	0.000000
3.392158	0.000000
3.431373	0.000001
3.470589	0.000001
3.509804	0.000001
3.549020	0.000001
3.588236	0.000000
3.627451	0.000000
3.666667	0.000000
3.705883	0.000000
3.745098	0.000000
3.784314	0.000000
3.823530	0.000000
3.862745	0.000000
3.901961	0.000000
3.941176	0.000000
3.980392	0.000000
4.019608	0.000000
4.058824	0.000000
4.098040	0.000000
4.137256	0.000000
4.176471	0.000000
4.215687	0.000000
4.254902	0.000000
4.294118	0.000000
4.333334	0.000000
4.372549	0.000000
4.411765	0.000000
4.450981	0.000000
4.490196	0.000000
4.529412	0.000000
4.568627	0.000000
4.607843	0.000000
4.647059	0.000000
4.686275	0.000000
4.725491	0.000000
4.764707	0.000000
4.803922	0.000000
4.843138	0.000000
4.882353	0.000000
4.921569	0.000000
4.960785	0.000000
5.000000	0.000000
