0	0.000000
1	0.736583
2	1.087045
3	1.378705
4	1.529731
5	1.621452
6	1.676420
7	1.709364
8	1.729114
9	1.740957
10	1.748059
11	1.752318
12	1.754873
13	1.756406
14	1.757326
15	1.757877
16	1.758208
17	1.758407
18	1.758526
19	1.758597
20	1.758640
21	1.758666
22	1.758681
23	1.758690
24	1.758696
25	1.758699
26	1.758701
27	1.758702
28	1.758703
29	1.758704
30	1.758704
31	1.758704
32	1.758704
33	1.758704
34	1.758704
35	1.758704
36	1.758704
37	1.758704
38	1.758704
39	1.758704
0	0.000000
1	0.552437
2	0.873831
3	1.152463
4	1.335123
5	1.462422
6	1.551401
7	1.613639
8	1.657184
9	1.687654
10	1.708977
11	1.723900
12	1.734344
13	1.741654
14	1.746770
15	1.750351
16	1.752857
17	1.754612
18	1.755840
19	1.756699
20	1.757301
21	1.757722
22	1.758017
23	1.758223
24	1.758367
25	1.758468
26	1.758539
27	1.758589
28	1.758623
29	1.758648
30	1.758665
31	1.758677
32	1.758685
33	1.758691
34	1.758695
35	1.758698
36	1.758700
37	1.758701
38	1.758702
39	1.758703
40	1.758703
41	1.758704
42	1.758704
43	1.758704
44	1.758704
45	1.758704
46	1.758704
47	1.758704
48	1.758704
49	1.758704
50	1.758704
51	1.758704
52	1.758704
53	1.758704
54	1.758704
0	0.000000
1	1.473166
2	1.536151
3	1.794149
4	1.696539
5	1.787471
6	1.732052
7	1.774437
8	1.746109
9	1.766868
10	1.752565
11	1.762862
12	1.755672
13	1.760803
14	1.757197
15	1.759759
16	1.757953
17	1.759233
18	1.758329
19	1.758969
20	1.758517
21	1.758837
22	1.758610
23	1.758771
24	1.758657
25	1.758737
26	1.758681
27	1.758721
28	1.758693
29	1.758713
30	1.758698
31	1.758708
32	1.758701
33	1.758706
34	1.758703
35	1.758705
36	1.758704
37	1.758705
38	1.758704
39	1.758705
40	1.758704
41	1.758704
42	1.758704
43	1.758704
44	1.758704
45	1.758704
46	1.758704
47	1.758704
48	1.758704
49	1.758704
50	1.758704
51	1.758704
52	1.758704
53	1.758704
54	1.758704
55	1.758704
56	1.758704
57	1.758704
58	1.758704
59	1.758704
60	1.758704
61	1.758704
62	1.758704
63	1.758704
64	1.758704
65	1.758704
66	1.758704
67	1.758704
68	1.758704
69	1.758704
70	1.758704
71	1.758704
72	1.758704
73	1.758704
74	1.758704
75	1.758704
76	1.758704
77	1.758704
78	1.758704
79	1.758704
80	1.758704
81	1.758704
82	1.758704
83	1.758704
84	1.758704
85	1.758704
86	1.758704
87	1.758704
88	1.758704
89	1.758704
90	1.758704
91	1.758704
0	0.000000
1	1.381093
2	1.516330
3	1.772063
4	1.713328
5	1.775060
6	1.745647
7	1.765530
8	1.754282
9	1.761253
10	1.757137
11	1.759633
12	1.758142
13	1.759040
14	1.758502
15	1.758826
16	1.758631
17	1.758748
18	1.758678
19	1.758720
20	1.758695
21	1.758710
22	1.758701
23	1.758706
24	1.758703
25	1.758705
26	1.758704
27	1.758705
28	1.758704
29	1.758704
30	1.758704
31	1.758704
32	1.758704
33	1.758704
34	1.758704
35	1.758704
36	1.758704
37	1.758704
38	1.758704
39	1.758704
40	1.758704
41	1.758704
42	1.758704
43	1.758704
44	1.758704
45	1.758704
46	1.758704
47	1.758704
48	1.758704
49	1.758704
50	1.758704
51	1.758704
52	1.758704
53	1.758704
54	1.758704
55	1.758704
56	1.758704
57	1.758704
58	1.758704
59	1.758704
60	1.758704
61	1.758704
62	1.758704
63	1.758704
0	0.000000
1	0.920729
2	1.260532
3	1.545362
4	1.646384
5	1.703569
6	1.731103
7	1.744928
8	1.751821
9	1.755265
10	1.756985
11	1.757845
12	1.758275
13	1.758490
14	1.758597
15	1.758651
16	1.758677
17	1.758691
18	1.758698
19	1.758701
20	1.758703
21	1.758703
22	1.758704
23	1.758704
24	1.758704
25	1.758704
26	1.758704
27	1.758704
28	1.758704
29	1.758704
30	1.758704
0	0.000000
1	0.920729
2	1.260532
3	1.545362
4	1.646384
5	1.703569
6	1.731103
7	1.744928
8	1.751821
9	1.755265
10	1.756985
11	1.757845
12	1.758275
13	1.758490
14	1.758597
15	1.758651
16	1.758677
17	1.758691
18	1.758698
19	1.758701
20	1.758703
21	1.758703
22	1.758704
23	1.758704
24	1.758704
25	1.758704
26	1.758704
27	1.758704
28	1.758704
29	1.758704
30	1.758704
0	0.000000
1	0.443414
2	0.654856
3	0.762068
4	0.815907
5	0.842891
6	0.856405
7	0.863170
8	0.866555
9	0.868249
10	0.869096
11	0.869520
12	0.869732
13	0.869838
14	0.869891
15	0.869917
16	0.869931
17	0.869937
18	0.869941
19	0.869942
20	0.869943
21	0.869943
22	0.869944
23	0.869944
24	0.869944
25	0.869944
26	0.869944
27	0.869944
28	0.869944
29	0.869944
30	0.869944
31	0.869944
32	0.869944
33	0.869944
