16	2.757948	3.479775	-0.721827	-0.045218	0.000000	2.712730
16	2.757948	3.479775	-0.721827	-0.045218	0.000000	2.712730
16	2.757948	3.479775	-0.721827	-0.045218	0.005988	2.718718
16	2.757948	3.479775	-0.721827	-0.045218	0.005988	2.718718
16	2.757948	3.479775	0.000000	-0.045218	0.004294	3.438851
16	2.757948	3.479775	0.000000	-0.045218	0.004294	3.438851
16	2.757948	3.479775	-0.721827	-0.034961	0.011581	2.734568
16	2.757948	3.479775	-0.721827	-0.045218	0.014460	2.727190
16	2.757948	3.479775	-0.721827	-0.045218	0.006079	2.718809
16	2.757948	3.479775	-0.721827	-0.045218	0.005988	2.718718
16	2.757948	3.479775	-0.721827	-0.045218	0.005988	2.718718
